,x,y,z
0,100,60,24
1,101,60,23
2,102,60,21
3,103,60,23
4,104,60,23
5,105,60,17
6,106,60,23
7,107,60,8
8,108,60,23
9,109,60,23
10,110,60,23
11,111,60,23
12,112,60,23
13,113,60,22
14,114,60,23
15,115,60,23
16,116,60,23
17,117,60,22
18,118,60,23
19,119,60,23
20,120,60,6
21,121,60,23
22,122,60,23
23,123,60,23
24,124,60,23
25,125,60,22
26,126,60,23
27,127,60,23
28,128,60,24
29,129,60,22
30,130,60,24
31,131,60,23
32,132,60,23
33,133,60,17
34,134,60,23
35,135,60,6
36,136,60,23
37,137,60,20
38,138,60,23
39,139,60,23
40,140,60,23
41,141,60,21
42,142,60,23
43,143,60,23
44,144,60,23
45,145,61,22
46,144,61,24
47,143,61,24
48,142,61,7
49,141,61,25
50,140,61,25
51,139,61,25
52,138,61,25
53,137,61,25
54,136,61,25
55,135,61,25
56,134,61,25
57,133,61,25
58,132,61,25
59,131,61,25
60,130,61,25
61,129,61,13
62,128,61,25
63,127,61,20
64,126,61,25
65,125,61,25
66,124,61,25
67,123,61,25
68,122,61,25
69,121,61,25
70,120,61,25
71,119,61,25
72,118,61,25
73,117,61,25
74,116,61,25
75,115,61,25
76,114,61,9
77,113,61,25
78,112,61,25
79,111,61,25
80,110,61,25
81,109,61,25
82,108,61,25
83,107,61,25
84,106,61,24
85,105,61,25
86,104,61,25
87,103,61,25
88,102,61,23
89,101,61,9
90,100,61,25
91,99,61,25
92,98,61,25
93,97,61,25
94,96,61,25
95,95,61,24
96,94,61,25
97,93,61,25
98,92,61,25
99,91,61,25
100,90,61,25
101,89,61,25
102,88,61,23
103,87,61,25
104,86,61,10
105,85,61,25
106,84,61,25
107,83,61,25
108,82,61,25
109,81,61,25
110,80,61,25
111,79,61,25
112,78,61,25
113,77,61,25
114,76,61,25
115,75,61,25
116,74,61,25
117,73,61,14
118,72,61,25
119,71,61,19
120,70,61,25
121,69,61,25
122,68,61,25
123,67,61,25
124,66,61,25
125,65,61,25
126,64,61,25
127,63,61,25
128,62,61,25
129,61,61,25
130,60,61,25
131,59,61,25
132,58,61,7
133,57,61,25
134,56,61,24
135,55,62,25
136,56,62,25
137,57,62,25
138,58,62,25
139,59,62,26
140,60,62,26
141,61,62,26
142,62,62,26
143,63,62,26
144,64,62,26
145,65,62,25
146,66,62,26
147,67,62,11
148,68,62,25
149,69,62,26
150,70,62,26
151,71,62,25
152,72,62,21
153,73,62,26
154,74,62,26
155,75,62,25
156,76,62,26
157,77,62,26
158,78,62,26
159,79,62,26
160,80,62,26
161,81,62,26
162,82,62,8
163,83,62,26
164,84,62,26
165,85,62,25
166,86,62,27
167,87,62,27
168,88,62,26
169,89,62,27
170,90,62,26
171,91,62,27
172,92,62,25
173,93,62,27
174,94,62,26
175,95,62,25
176,96,62,27
177,97,62,12
178,98,62,26
179,99,62,27
180,100,62,27
181,101,62,27
182,102,62,26
183,103,62,27
184,104,62,27
185,105,62,26
186,106,62,26
187,107,62,27
188,108,62,26
189,109,62,26
190,110,62,17
191,111,62,27
192,112,62,18
193,113,62,26
194,114,62,26
195,115,62,26
196,116,62,26
197,117,62,26
198,118,62,26
199,119,62,26
200,120,62,26
201,121,62,25
202,122,62,26
203,123,62,26
204,124,62,26
205,125,62,12
206,126,62,26
207,127,62,26
208,128,62,26
209,129,62,27
210,130,62,26
211,131,62,26
212,132,62,27
213,133,62,27
214,134,62,26
215,135,62,27
216,136,62,27
217,137,62,26
218,138,62,16
219,139,62,27
220,140,62,21
221,141,62,26
222,142,62,26
223,143,62,27
224,144,62,26
225,145,63,26
226,144,63,27
227,143,63,28
228,142,63,28
229,141,63,28
230,140,63,27
231,139,63,28
232,138,63,28
233,137,63,14
234,136,63,27
235,135,63,29
236,134,63,28
237,133,63,28
238,132,63,28
239,131,63,29
240,130,63,28
241,129,63,28
242,128,63,28
243,127,63,29
244,126,63,28
245,125,63,28
246,124,63,13
247,123,63,29
248,122,63,28
249,121,63,29
250,120,63,28
251,119,63,28
252,118,63,28
253,117,63,28
254,116,63,28
255,115,63,29
256,114,63,28
257,113,63,28
258,112,63,28
259,111,63,18
260,110,63,28
261,109,63,24
262,108,63,28
263,107,63,29
264,106,63,28
265,105,63,28
266,104,63,28
267,103,63,28
268,102,63,28
269,101,63,28
270,100,63,28
271,99,63,28
272,98,63,29
273,97,63,28
274,96,63,12
275,95,63,29
276,94,63,29
277,93,63,28
278,92,63,28
279,91,63,28
280,90,63,27
281,89,63,29
282,88,63,28
283,87,63,28
284,86,63,27
285,85,63,28
286,84,63,29
287,83,63,19
288,82,63,28
289,81,63,14
290,80,63,28
291,79,63,28
292,78,63,28
293,77,63,28
294,76,63,27
295,75,63,28
296,74,63,28
297,73,63,27
298,72,63,28
299,71,63,28
300,70,63,27
301,69,63,28
302,68,63,14
303,67,63,28
304,66,63,19
305,65,63,28
306,64,63,28
307,63,63,27
308,62,63,28
309,61,63,28
310,60,63,28
311,59,63,28
312,58,63,28
313,57,63,28
314,56,63,28
315,55,64,28
316,56,64,28
317,57,64,14
318,58,64,30
319,59,64,29
320,60,64,30
321,61,64,30
322,62,64,30
323,63,64,30
324,64,64,28
325,65,64,30
326,66,64,30
327,67,64,29
328,68,64,30
329,69,64,30
330,70,64,29
331,71,64,29
332,72,64,16
333,73,64,30
334,74,64,29
335,75,64,30
336,76,64,30
337,77,64,30
338,78,64,30
339,79,64,30
340,80,64,30
341,81,64,29
342,82,64,31
343,83,64,31
344,84,64,30
345,85,64,32
346,86,64,31
347,87,64,17
348,88,64,31
349,89,64,30
350,90,64,30
351,91,64,29
352,92,64,30
353,93,64,31
354,94,64,30
355,95,64,30
356,96,64,31
357,97,64,31
358,98,64,30
359,99,64,31
360,100,64,27
361,101,64,31
362,102,64,16
363,103,64,31
364,104,64,30
365,105,64,30
366,106,64,31
367,107,64,31
368,108,64,30
369,109,64,30
370,110,64,29
371,111,64,31
372,112,64,30
373,113,64,30
374,114,64,30
375,115,64,16
376,116,64,31
377,117,64,29
378,118,64,29
379,119,64,31
380,120,64,31
381,121,64,31
382,122,64,29
383,123,64,31
384,124,64,31
385,125,64,30
386,126,64,31
387,127,64,31
388,128,64,26
389,129,64,30
390,130,64,15
391,131,64,31
392,132,64,30
393,133,64,30
394,134,64,30
395,135,64,31
396,136,64,30
397,137,64,30
398,138,64,29
399,139,64,31
400,140,64,31
401,141,64,30
402,142,64,30
403,143,64,17
404,144,64,31
405,145,65,30
406,144,65,30
407,143,65,31
408,142,65,32
409,141,65,31
410,140,65,30
411,139,65,32
412,138,65,32
413,137,65,32
414,136,65,31
415,135,65,32
416,134,65,23
417,133,65,32
418,132,65,26
419,131,65,32
420,130,65,33
421,129,65,33
422,128,65,31
423,127,65,32
424,126,65,33
425,125,65,32
426,124,65,31
427,123,65,32
428,122,65,33
429,121,65,32
430,120,65,33
431,119,65,19
432,118,65,33
433,117,65,33
434,116,65,30
435,115,65,32
436,114,65,33
437,113,65,32
438,112,65,31
439,111,65,32
440,110,65,32
441,109,65,33
442,108,65,33
443,107,65,33
444,106,65,21
445,105,65,33
446,104,65,32
447,103,65,33
448,102,65,33
449,101,65,32
450,100,65,32
451,99,65,33
452,98,65,32
453,97,65,32
454,96,65,33
455,95,65,33
456,94,65,33
457,93,65,20
458,92,65,33
459,91,65,19
460,90,65,33
461,89,65,33
462,88,65,34
463,87,65,32
464,86,65,32
465,85,65,34
466,84,65,33
467,83,65,32
468,82,65,33
469,81,65,33
470,80,65,33
471,79,65,34
472,78,65,20
473,77,65,34
474,76,65,30
475,75,65,34
476,74,65,33
477,73,65,32
478,72,65,33
479,71,65,34
480,70,65,33
481,69,65,34
482,68,65,33
483,67,65,33
484,66,65,30
485,65,65,33
486,64,65,33
487,63,65,19
488,62,65,33
489,61,65,33
490,60,65,33
491,59,65,31
492,58,65,33
493,57,65,33
494,56,65,30
495,55,66,33
496,56,66,32
497,57,66,34
498,58,66,35
499,59,66,34
500,60,66,30
501,61,66,32
502,62,66,21
503,63,66,34
504,64,66,34
505,65,66,34
506,66,66,34
507,67,66,34
508,68,66,35
509,69,66,35
510,70,66,35
511,71,66,32
512,72,66,35
513,73,66,35
514,74,66,34
515,75,66,30
516,76,66,35
517,77,66,21
518,78,66,34
519,79,66,35
520,80,66,36
521,81,66,34
522,82,66,35
523,83,66,35
524,84,66,35
525,85,66,35
526,86,66,35
527,87,66,36
528,88,66,35
529,89,66,35
530,90,66,28
531,91,66,35
532,92,66,23
533,93,66,35
534,94,66,35
535,95,66,36
536,96,66,35
537,97,66,35
538,98,66,34
539,99,66,35
540,100,66,36
541,101,66,36
542,102,66,35
543,103,66,36
544,104,66,36
545,105,66,24
546,106,66,34
547,107,66,34
548,108,66,36
549,109,66,35
550,110,66,36
551,111,66,36
552,112,66,36
553,113,66,36
554,114,66,34
555,115,66,35
556,116,66,35
557,117,66,35
558,118,66,34
559,119,66,35
560,120,66,22
561,121,66,35
562,122,66,36
563,123,66,35
564,124,66,35
565,125,66,35
566,126,66,34
567,127,66,35
568,128,66,35
569,129,66,35
570,130,66,34
571,131,66,35
572,132,66,35
573,133,66,23
574,134,66,34
575,135,66,34
576,136,66,35
577,137,66,35
578,138,66,35
579,139,66,37
580,140,66,35
581,141,66,35
582,142,66,34
583,143,66,35
584,144,66,35
585,145,67,35
586,144,67,33
587,143,67,35
588,142,67,39
589,141,67,37
590,140,67,37
591,139,67,38
592,138,67,38
593,137,67,37
594,136,67,35
595,135,67,38
596,134,67,37
597,133,67,39
598,132,67,37
599,131,67,38
600,130,67,38
601,129,67,26
602,128,67,38
603,127,67,38
604,126,67,38
605,125,67,38
606,124,67,38
607,123,67,38
608,122,67,38
609,121,67,39
610,120,67,38
611,119,67,40
612,118,67,38
613,117,67,39
614,116,67,25
615,115,67,39
616,114,67,37
617,113,67,38
618,112,67,39
619,111,67,38
620,110,67,38
621,109,67,38
622,108,67,39
623,107,67,40
624,106,67,39
625,105,67,39
626,104,67,39
627,103,67,35
628,102,67,40
629,101,67,27
630,100,67,40
631,99,67,40
632,98,67,40
633,97,67,39
634,96,67,38
635,95,67,40
636,94,67,40
637,93,67,39
638,92,67,40
639,91,67,40
640,90,67,39
641,89,67,40
642,88,67,28
643,87,67,39
644,86,67,38
645,85,67,39
646,84,67,39
647,83,67,40
648,82,67,41
649,81,67,40
650,80,67,40
651,79,67,38
652,78,67,39
653,77,67,40
654,76,67,39
655,75,67,39
656,74,67,39
657,73,67,25
658,72,67,37
659,71,67,38
660,70,67,38
661,69,67,37
662,68,67,38
663,67,67,39
664,66,67,38
665,65,67,39
666,64,67,38
667,63,67,39
668,62,67,36
669,61,67,38
670,60,67,33
671,59,67,38
672,58,67,25
673,57,67,38
674,56,67,38
675,55,68,37
676,56,68,37
677,57,68,40
678,58,68,39
679,59,68,40
680,60,68,40
681,61,68,39
682,62,68,39
683,63,68,40
684,64,68,40
685,65,68,30
686,66,68,40
687,67,68,33
688,68,68,40
689,69,68,40
690,70,68,40
691,71,68,41
692,72,68,40
693,73,68,40
694,74,68,40
695,75,68,38
696,76,68,39
697,77,68,40
698,78,68,40
699,79,68,40
700,80,68,30
701,81,68,40
702,82,68,33
703,83,68,41
704,84,68,41
705,85,68,41
706,86,68,41
707,87,68,43
708,88,68,42
709,89,68,42
710,90,68,41
711,91,68,41
712,92,68,39
713,93,68,41
714,94,68,41
715,95,68,31
716,96,68,41
717,97,68,38
718,98,68,42
719,99,68,41
720,100,68,43
721,101,68,42
722,102,68,42
723,103,68,41
724,104,68,43
725,105,68,43
726,106,68,42
727,107,68,40
728,108,68,42
729,109,68,42
730,110,68,29
731,111,68,39
732,112,68,41
733,113,68,41
734,114,68,41
735,115,68,40
736,116,68,40
737,117,68,40
738,118,68,40
739,119,68,37
740,120,68,41
741,121,68,42
742,122,68,40
743,123,68,32
744,124,68,40
745,125,68,36
746,126,68,41
747,127,68,40
748,128,68,41
749,129,68,41
750,130,68,41
751,131,68,41
752,132,68,40
753,133,68,40
754,134,68,40
755,135,68,39
756,136,68,42
757,137,68,41
758,138,68,29
759,139,68,39
760,140,68,41
761,141,68,41
762,142,68,41
763,143,68,41
764,144,68,41
765,145,69,40
766,144,69,41
767,143,69,42
768,142,69,44
769,141,69,44
770,140,69,43
771,139,69,31
772,138,69,43
773,137,69,42
774,136,69,44
775,135,69,43
776,134,69,44
777,133,69,44
778,132,69,44
779,131,69,44
780,130,69,43
781,129,69,44
782,128,69,44
783,127,69,43
784,126,69,37
785,125,69,44
786,124,69,31
787,123,69,44
788,122,69,42
789,121,69,44
790,120,69,44
791,119,69,44
792,118,69,42
793,117,69,44
794,116,69,44
795,115,69,44
796,114,69,41
797,113,69,44
798,112,69,43
799,111,69,31
800,110,69,40
801,109,69,41
802,108,69,43
803,107,69,44
804,106,69,45
805,105,69,45
806,104,69,46
807,103,69,45
808,102,69,44
809,101,69,46
810,100,69,45
811,99,69,45
812,98,69,33
813,97,69,45
814,96,69,44
815,95,69,45
816,94,69,46
817,93,69,45
818,92,69,45
819,91,69,45
820,90,69,45
821,89,69,46
822,88,69,46
823,87,69,46
824,86,69,45
825,85,69,46
826,84,69,46
827,83,69,34
828,82,69,46
829,81,69,46
830,80,69,47
831,79,69,47
832,78,69,47
833,77,69,46
834,76,69,46
835,75,69,46
836,74,69,44
837,73,69,45
838,72,69,44
839,71,69,44
840,70,69,36
841,69,69,43
842,68,69,30
843,67,69,43
844,66,69,42
845,65,69,43
846,64,69,43
847,63,69,44
848,62,69,43
849,61,69,43
850,60,69,41
851,59,69,44
852,58,69,43
853,57,69,43
854,56,69,43
855,55,70,32
856,56,70,43
857,57,70,41
858,58,70,44
859,59,70,45
860,60,70,43
861,61,70,45
862,62,70,45
863,63,70,44
864,64,70,45
865,65,70,45
866,66,70,45
867,67,70,46
868,68,70,45
869,69,70,45
870,70,70,33
871,71,70,45
872,72,70,43
873,73,70,45
874,74,70,45
875,75,70,45
876,76,70,45
877,77,70,44
878,78,70,46
879,79,70,46
880,80,70,46
881,81,70,47
882,82,70,48
883,83,70,51
884,84,70,51
885,85,70,41
886,86,70,48
887,87,70,45
888,88,70,48
889,89,70,47
890,90,70,47
891,91,70,46
892,92,70,47
893,93,70,46
894,94,70,46
895,95,70,46
896,96,70,46
897,97,70,46
898,98,70,47
899,99,70,46
900,100,70,35
901,101,70,46
902,102,70,46
903,103,70,45
904,104,70,45
905,105,70,46
906,106,70,47
907,107,70,46
908,108,70,46
909,109,70,45
910,110,70,45
911,111,70,46
912,112,70,46
913,113,70,42
914,114,70,46
915,115,70,30
916,116,70,40
917,117,70,41
918,118,70,43
919,119,70,45
920,120,70,45
921,121,70,46
922,122,70,44
923,123,70,45
924,124,70,46
925,125,70,46
926,126,70,47
927,127,70,46
928,128,70,34
929,129,70,46
930,130,70,46
931,131,70,46
932,132,70,46
933,133,70,46
934,134,70,46
935,135,70,47
936,136,70,46
937,137,70,46
938,138,70,46
939,139,70,46
940,140,70,46
941,141,70,41
942,142,70,46
943,143,70,33
944,144,70,46
945,145,71,46
946,144,71,46
947,143,71,48
948,142,71,48
949,141,71,48
950,140,71,48
951,139,71,47
952,138,71,48
953,137,71,48
954,136,71,48
955,135,71,51
956,134,71,38
957,133,71,49
958,132,71,48
959,131,71,46
960,130,71,49
961,129,71,48
962,128,71,48
963,127,71,48
964,126,71,48
965,125,71,49
966,124,71,49
967,123,71,48
968,122,71,50
969,121,71,38
970,120,71,48
971,119,71,47
972,118,71,48
973,117,71,48
974,116,71,48
975,115,71,48
976,114,71,49
977,113,71,48
978,112,71,47
979,111,71,44
980,110,71,39
981,109,71,38
982,108,71,31
983,107,71,45
984,106,71,37
985,105,71,46
986,104,71,46
987,103,71,45
988,102,71,45
989,101,71,46
990,100,71,46
991,99,71,46
992,98,71,46
993,97,71,45
994,96,71,46
995,95,71,44
996,94,71,46
997,93,71,34
998,92,71,46
999,91,71,46
1000,90,71,46
1001,89,71,46
1002,88,71,46
1003,87,71,46
1004,86,71,46
1005,85,71,47
1006,84,71,47
1007,83,71,47
1008,82,71,47
1009,81,71,46
1010,80,71,44
1011,79,71,48
1012,78,71,40
1013,77,71,55
1014,76,71,56
1015,75,71,52
1016,74,71,50
1017,73,71,50
1018,72,71,49
1019,71,71,48
1020,70,71,49
1021,69,71,47
1022,68,71,49
1023,67,71,46
1024,66,71,50
1025,65,71,38
1026,64,71,49
1027,63,71,38
1028,62,71,48
1029,61,71,47
1030,60,71,46
1031,59,71,49
1032,58,71,47
1033,57,71,47
1034,56,71,47
1035,55,72,47
1036,56,72,48
1037,57,72,50
1038,58,72,50
1039,59,72,50
1040,60,72,40
1041,61,72,50
1042,62,72,50
1043,63,72,50
1044,64,72,51
1045,65,72,50
1046,66,72,50
1047,67,72,50
1048,68,72,51
1049,69,72,50
1050,70,72,50
1051,71,72,51
1052,72,72,50
1053,73,72,50
1054,74,72,48
1055,75,72,43
1056,76,72,51
1057,77,72,51
1058,78,72,52
1059,79,72,52
1060,80,72,53
1061,81,72,53
1062,82,72,55
1063,83,72,58
1064,84,72,55
1065,85,72,48
1066,86,72,48
1067,87,72,47
1068,88,72,47
1069,89,72,47
1070,90,72,36
1071,91,72,46
1072,92,72,47
1073,93,72,46
1074,94,72,46
1075,95,72,45
1076,96,72,46
1077,97,72,46
1078,98,72,45
1079,99,72,46
1080,100,72,46
1081,101,72,46
1082,102,72,45
1083,103,72,43
1084,104,72,46
1085,105,72,34
1086,106,72,46
1087,107,72,45
1088,108,72,46
1089,109,72,46
1090,110,72,46
1091,111,72,45
1092,112,72,46
1093,113,72,46
1094,114,72,44
1095,115,72,38
1096,116,72,37
1097,117,72,40
1098,118,72,35
1099,119,72,49
1100,120,72,50
1101,121,72,52
1102,122,72,51
1103,123,72,52
1104,124,72,52
1105,125,72,52
1106,126,72,53
1107,127,72,51
1108,128,72,52
1109,129,72,54
1110,130,72,51
1111,131,72,47
1112,132,72,51
1113,133,72,39
1114,134,72,51
1115,135,72,51
1116,136,72,50
1117,137,72,52
1118,138,72,51
1119,139,72,51
1120,140,72,49
1121,141,72,52
1122,142,72,52
1123,143,72,51
1124,144,72,53
1125,145,73,51
1126,144,73,43
1127,143,73,53
1128,142,73,53
1129,141,73,53
1130,140,73,53
1131,139,73,53
1132,138,73,53
1133,137,73,54
1134,136,73,53
1135,135,73,53
1136,134,73,53
1137,133,73,53
1138,132,73,53
1139,131,73,44
1140,130,73,53
1141,129,73,50
1142,128,73,53
1143,127,73,53
1144,126,73,53
1145,125,73,52
1146,124,73,53
1147,123,73,55
1148,122,73,53
1149,121,73,53
1150,120,73,53
1151,119,73,55
1152,118,73,52
1153,117,73,53
1154,116,73,45
1155,115,73,55
1156,114,73,53
1157,113,73,52
1158,112,73,51
1159,111,73,40
1160,110,73,38
1161,109,73,37
1162,108,73,39
1163,107,73,46
1164,106,73,46
1165,105,73,46
1166,104,73,44
1167,103,73,33
1168,102,73,45
1169,101,73,45
1170,100,73,43
1171,99,73,45
1172,98,73,45
1173,97,73,45
1174,96,73,46
1175,95,73,46
1176,94,73,46
1177,93,73,44
1178,92,73,46
1179,91,73,46
1180,90,73,38
1181,89,73,46
1182,88,73,39
1183,87,73,46
1184,86,73,46
1185,85,73,47
1186,84,73,47
1187,83,73,46
1188,82,73,47
1189,81,73,47
1190,80,73,47
1191,79,73,48
1192,78,73,49
1193,77,73,52
1194,76,73,58
1195,75,73,51
1196,74,73,57
1197,73,73,44
1198,72,73,55
1199,71,73,53
1200,70,73,54
1201,69,73,51
1202,68,73,55
1203,67,73,53
1204,66,73,52
1205,65,73,53
1206,64,73,53
1207,63,73,53
1208,62,73,51
1209,61,73,52
1210,60,73,43
1211,59,73,53
1212,58,73,53
1213,57,73,53
1214,56,73,53
1215,55,74,51
1216,56,74,53
1217,57,74,54
1218,58,74,53
1219,59,74,54
1220,60,74,54
1221,61,74,54
1222,62,74,54
1223,63,74,55
1224,64,74,55
1225,65,74,46
1226,66,74,56
1227,67,74,56
1228,68,74,55
1229,69,74,56
1230,70,74,57
1231,71,74,56
1232,72,74,57
1233,73,74,55
1234,74,74,55
1235,75,74,57
1236,76,74,53
1237,77,74,55
1238,78,74,54
1239,79,74,56
1240,80,74,50
1241,81,74,60
1242,82,74,61
1243,83,74,61
1244,84,74,51
1245,85,74,49
1246,86,74,48
1247,87,74,47
1248,88,74,47
1249,89,74,47
1250,90,74,46
1251,91,74,46
1252,92,74,46
1253,93,74,39
1254,94,74,47
1255,95,74,35
1256,96,74,46
1257,97,74,46
1258,98,74,46
1259,99,74,46
1260,100,74,46
1261,101,74,44
1262,102,74,45
1263,103,74,45
1264,104,74,45
1265,105,74,43
1266,106,74,45
1267,107,74,45
1268,108,74,33
1269,109,74,45
1270,110,74,45
1271,111,74,46
1272,112,74,46
1273,113,74,45
1274,114,74,45
1275,115,74,41
1276,116,74,37
1277,117,74,37
1278,118,74,45
1279,119,74,55
1280,120,74,55
1281,121,74,56
1282,122,74,55
1283,123,74,47
1284,124,74,56
1285,125,74,56
1286,126,74,54
1287,127,74,56
1288,128,74,55
1289,129,74,56
1290,130,74,58
1291,131,74,56
1292,132,74,56
1293,133,74,56
1294,134,74,56
1295,135,74,56
1296,136,74,47
1297,137,74,56
1298,138,74,55
1299,139,74,55
1300,140,74,56
1301,141,74,56
1302,142,74,56
1303,143,74,54
1304,144,74,55
1305,145,75,56
1306,144,75,56
1307,143,75,58
1308,142,75,58
1309,141,75,53
1310,140,75,58
1311,139,75,53
1312,138,75,59
1313,137,75,58
1314,136,75,58
1315,135,75,59
1316,134,75,58
1317,133,75,59
1318,132,75,60
1319,131,75,58
1320,130,75,59
1321,129,75,58
1322,128,75,60
1323,127,75,59
1324,126,75,48
1325,125,75,59
1326,124,75,58
1327,123,75,59
1328,122,75,60
1329,121,75,60
1330,120,75,58
1331,119,75,59
1332,118,75,58
1333,117,75,63
1334,116,75,59
1335,115,75,58
1336,114,75,59
1337,113,75,51
1338,112,75,52
1339,111,75,46
1340,110,75,36
1341,109,75,37
1342,108,75,41
1343,107,75,45
1344,106,75,45
1345,105,75,44
1346,104,75,45
1347,103,75,45
1348,102,75,45
1349,101,75,43
1350,100,75,35
1351,99,75,46
1352,98,75,42
1353,97,75,47
1354,96,75,46
1355,95,75,46
1356,94,75,46
1357,93,75,47
1358,92,75,48
1359,91,75,49
1360,90,75,50
1361,89,75,49
1362,88,75,48
1363,87,75,45
1364,86,75,40
1365,85,75,31
1366,84,75,44
1367,83,75,45
1368,82,75,46
1369,81,75,47
1370,80,75,46
1371,79,75,48
1372,78,75,48
1373,77,75,53
1374,76,75,59
1375,75,75,66
1376,74,75,64
1377,73,75,64
1378,72,75,63
1379,71,75,60
1380,70,75,49
1381,69,75,57
1382,68,75,56
1383,67,75,56
1384,66,75,56
1385,65,75,57
1386,64,75,59
1387,63,75,62
1388,62,75,63
1389,61,75,62
1390,60,75,61
1391,59,75,59
1392,58,75,62
1393,57,75,56
1394,56,75,59
1395,55,76,46
1396,56,76,54
1397,57,76,53
1398,58,76,52
1399,59,76,52
1400,60,76,52
1401,61,76,54
1402,62,76,56
1403,63,76,59
1404,64,76,66
1405,65,76,67
1406,66,76,67
1407,67,76,64
1408,68,76,59
1409,69,76,64
1410,70,76,59
1411,71,76,60
1412,72,76,59
1413,73,76,58
1414,74,76,57
1415,75,76,55
1416,76,76,55
1417,77,76,58
1418,78,76,60
1419,79,76,65
1420,80,76,65
1421,81,76,67
1422,82,76,69
1423,83,76,53
1424,84,76,53
1425,85,76,45
1426,86,76,47
1427,87,76,47
1428,88,76,46
1429,89,76,46
1430,90,76,46
1431,91,76,45
1432,92,76,42
1433,93,76,37
1434,94,76,44
1435,95,76,51
1436,96,76,57
1437,97,76,58
1438,98,76,50
1439,99,76,56
1440,100,76,56
1441,101,76,52
1442,102,76,50
1443,103,76,49
1444,104,76,47
1445,105,76,47
1446,106,76,47
1447,107,76,46
1448,108,76,45
1449,109,76,45
1450,110,76,45
1451,111,76,45
1452,112,76,45
1453,113,76,33
1454,114,76,45
1455,115,76,37
1456,116,76,35
1457,117,76,35
1458,118,76,51
1459,119,76,59
1460,120,76,60
1461,121,76,62
1462,122,76,60
1463,123,76,60
1464,124,76,64
1465,125,76,60
1466,126,76,54
1467,127,76,60
1468,128,76,60
1469,129,76,60
1470,130,76,60
1471,131,76,60
1472,132,76,61
1473,133,76,61
1474,134,76,61
1475,135,76,64
1476,136,76,60
1477,137,76,62
1478,138,76,60
1479,139,76,65
1480,140,76,60
1481,141,76,55
1482,142,76,61
1483,143,76,60
1484,144,76,60
1485,145,77,61
1486,144,77,62
1487,143,77,63
1488,142,77,63
1489,141,77,64
1490,140,77,63
1491,139,77,63
1492,138,77,63
1493,137,77,61
1494,136,77,53
1495,135,77,62
1496,134,77,64
1497,133,77,62
1498,132,77,64
1499,131,77,63
1500,130,77,61
1501,129,77,63
1502,128,77,62
1503,127,77,60
1504,126,77,62
1505,125,77,64
1506,124,77,63
1507,123,77,56
1508,122,77,64
1509,121,77,60
1510,120,77,63
1511,119,77,63
1512,118,77,63
1513,117,77,63
1514,116,77,64
1515,115,77,62
1516,114,77,63
1517,113,77,59
1518,112,77,58
1519,111,77,42
1520,110,77,31
1521,109,77,36
1522,108,77,25
1523,107,77,43
1524,106,77,44
1525,105,77,45
1526,104,77,45
1527,103,77,44
1528,102,77,44
1529,101,77,47
1530,100,77,54
1531,99,77,56
1532,98,77,58
1533,97,77,64
1534,96,77,64
1535,95,77,57
1536,94,77,64
1537,93,77,63
1538,92,77,66
1539,91,77,64
1540,90,77,62
1541,89,77,59
1542,88,77,54
1543,87,77,38
1544,86,77,37
1545,85,77,38
1546,84,77,45
1547,83,77,45
1548,82,77,46
1549,81,77,45
1550,80,77,35
1551,79,77,47
1552,78,77,50
1553,77,77,53
1554,76,77,59
1555,75,77,71
1556,74,77,67
1557,73,77,66
1558,72,77,67
1559,71,77,64
1560,70,77,63
1561,69,77,61
1562,68,77,60
1563,67,77,56
1564,66,77,60
1565,65,77,50
1566,64,77,59
1567,63,77,62
1568,62,77,64
1569,61,77,64
1570,60,77,66
1571,59,77,67
1572,58,77,68
1573,57,77,52
1574,56,77,62
1575,55,78,59
1576,56,78,55
1577,57,78,54
1578,58,78,46
1579,59,78,54
1580,60,78,55
1581,61,78,63
1582,62,78,72
1583,63,78,76
1584,64,78,72
1585,65,78,70
1586,66,78,67
1587,67,78,64
1588,68,78,64
1589,69,78,66
1590,70,78,61
1591,71,78,60
1592,72,78,59
1593,73,78,54
1594,74,78,64
1595,75,78,65
1596,76,78,67
1597,77,78,65
1598,78,78,66
1599,79,78,66
1600,80,78,65
1601,81,78,64
1602,82,78,71
1603,83,78,68
1604,84,78,57
1605,85,78,48
1606,86,78,47
1607,87,78,47
1608,88,78,36
1609,89,78,46
1610,90,78,43
1611,91,78,44
1612,92,78,35
1613,93,78,35
1614,94,78,47
1615,95,78,60
1616,96,78,63
1617,97,78,66
1618,98,78,65
1619,99,78,66
1620,100,78,66
1621,101,78,67
1622,102,78,68
1623,103,78,64
1624,104,78,72
1625,105,78,71
1626,106,78,63
1627,107,78,48
1628,108,78,45
1629,109,78,45
1630,110,78,45
1631,111,78,45
1632,112,78,45
1633,113,78,45
1634,114,78,41
1635,115,78,38
1636,116,78,32
1637,117,78,34
1638,118,78,37
1639,119,78,68
1640,120,78,71
1641,121,78,73
1642,122,78,74
1643,123,78,71
1644,124,78,70
1645,125,78,71
1646,126,78,70
1647,127,78,70
1648,128,78,72
1649,129,78,72
1650,130,78,70
1651,131,78,64
1652,132,78,71
1653,133,78,71
1654,134,78,70
1655,135,78,69
1656,136,78,69
1657,137,78,71
1658,138,78,73
1659,139,78,69
1660,140,78,69
1661,141,78,70
1662,142,78,69
1663,143,78,71
1664,144,78,64
1665,145,79,74
1666,144,79,71
1667,143,79,81
1668,142,79,85
1669,141,79,86
1670,140,79,86
1671,139,79,85
1672,138,79,79
1673,137,79,84
1674,136,79,75
1675,135,79,75
1676,134,79,80
1677,133,79,77
1678,132,79,78
1679,131,79,72
1680,130,79,82
1681,129,79,80
1682,128,79,82
1683,127,79,81
1684,126,79,82
1685,125,79,83
1686,124,79,86
1687,123,79,85
1688,122,79,86
1689,121,79,86
1690,120,79,82
1691,119,79,75
1692,118,79,74
1693,117,79,78
1694,116,79,76
1695,115,79,78
1696,114,79,75
1697,113,79,74
1698,112,79,74
1699,111,79,59
1700,110,79,35
1701,109,79,36
1702,108,79,38
1703,107,79,45
1704,106,79,45
1705,105,79,34
1706,104,79,44
1707,103,79,43
1708,102,79,45
1709,101,79,48
1710,100,79,55
1711,99,79,68
1712,98,79,76
1713,97,79,74
1714,96,79,73
1715,95,79,67
1716,94,79,66
1717,93,79,66
1718,92,79,66
1719,91,79,66
1720,90,79,59
1721,89,79,66
1722,88,79,55
1723,87,79,48
1724,86,79,41
1725,85,79,30
1726,84,79,41
1727,83,79,45
1728,82,79,45
1729,81,79,46
1730,80,79,46
1731,79,79,48
1732,78,79,49
1733,77,79,50
1734,76,79,73
1735,75,79,71
1736,74,79,72
1737,73,79,68
1738,72,79,67
1739,71,79,67
1740,70,79,67
1741,69,79,68
1742,68,79,70
1743,67,79,68
1744,66,79,63
1745,65,79,62
1746,64,79,59
1747,63,79,61
1748,62,79,58
1749,61,79,66
1750,60,79,60
1751,59,79,68
1752,58,79,72
1753,57,79,86
1754,56,79,86
1755,55,80,86
1756,56,80,61
1757,57,80,53
1758,58,80,53
1759,59,80,51
1760,60,80,60
1761,61,80,74
1762,62,80,86
1763,63,80,84
1764,64,80,86
1765,65,80,81
1766,66,80,75
1767,67,80,84
1768,68,80,86
1769,69,80,67
1770,70,80,62
1771,71,80,70
1772,72,80,85
1773,73,80,85
1774,74,80,79
1775,75,80,77
1776,76,80,77
1777,77,80,72
1778,78,80,73
1779,79,80,78
1780,80,80,75
1781,81,80,74
1782,82,80,75
1783,83,80,75
1784,84,80,55
1785,85,80,50
1786,86,80,48
1787,87,80,46
1788,88,80,46
1789,89,80,45
1790,90,80,45
1791,91,80,37
1792,92,80,33
1793,93,80,24
1794,94,80,52
1795,95,80,60
1796,96,80,65
1797,97,80,67
1798,98,80,66
1799,99,80,65
1800,100,80,67
1801,101,80,68
1802,102,80,70
1803,103,80,78
1804,104,80,83
1805,105,80,79
1806,106,80,58
1807,107,80,50
1808,108,80,35
1809,109,80,44
1810,110,80,42
1811,111,80,44
1812,112,80,45
1813,113,80,45
1814,114,80,43
1815,115,80,39
1816,116,80,37
1817,117,80,44
1818,118,80,62
1819,119,80,75
1820,120,80,74
1821,121,80,73
1822,122,80,79
1823,123,80,81
1824,124,80,78
1825,125,80,78
1826,126,80,78
1827,127,80,79
1828,128,80,86
1829,129,80,86
1830,130,80,86
1831,131,80,86
1832,132,80,86
1833,133,80,86
1834,134,80,86
1835,135,80,84
1836,136,80,83
1837,137,80,85
1838,138,80,81
1839,139,80,77
1840,140,80,75
1841,141,80,75
1842,142,80,74
1843,143,80,78
1844,144,80,81
1845,145,81,82
1846,144,81,83
1847,143,81,85
1848,142,81,83
1849,141,81,80
1850,140,81,83
1851,139,81,81
1852,138,81,77
1853,137,81,79
1854,136,81,81
1855,135,81,80
1856,134,81,77
1857,133,81,80
1858,132,81,78
1859,131,81,81
1860,130,81,85
1861,129,81,86
1862,128,81,86
1863,127,81,86
1864,126,81,83
1865,125,81,86
1866,124,81,86
1867,123,81,86
1868,122,81,85
1869,121,81,79
1870,120,81,77
1871,119,81,76
1872,118,81,77
1873,117,81,76
1874,116,81,78
1875,115,81,79
1876,114,81,76
1877,113,81,71
1878,112,81,74
1879,111,81,60
1880,110,81,43
1881,109,81,37
1882,108,81,41
1883,107,81,44
1884,106,81,45
1885,105,81,44
1886,104,81,43
1887,103,81,44
1888,102,81,45
1889,101,81,47
1890,100,81,41
1891,99,81,74
1892,98,81,79
1893,97,81,78
1894,96,81,71
1895,95,81,68
1896,94,81,72
1897,93,81,69
1898,92,81,67
1899,91,81,66
1900,90,81,65
1901,89,81,64
1902,88,81,59
1903,87,81,54
1904,86,81,38
1905,85,81,18
1906,84,81,35
1907,83,81,43
1908,82,81,44
1909,81,81,46
1910,80,81,47
1911,79,81,47
1912,78,81,48
1913,77,81,60
1914,76,81,71
1915,75,81,78
1916,74,81,79
1917,73,81,79
1918,72,81,76
1919,71,81,77
1920,70,81,71
1921,69,81,75
1922,68,81,80
1923,67,81,83
1924,66,81,86
1925,65,81,85
1926,64,81,86
1927,63,81,86
1928,62,81,86
1929,61,81,86
1930,60,81,86
1931,59,81,74
1932,58,81,80
1933,57,81,84
1934,56,81,86
1935,55,82,85
1936,56,82,81
1937,57,82,77
1938,58,82,72
1939,59,82,71
1940,60,82,73
1941,61,82,86
1942,62,82,86
1943,63,82,85
1944,64,82,86
1945,65,82,82
1946,66,82,75
1947,67,82,86
1948,68,82,84
1949,69,82,86
1950,70,82,85
1951,71,82,86
1952,72,82,86
1953,73,82,86
1954,74,82,85
1955,75,82,80
1956,76,82,77
1957,77,82,74
1958,78,82,84
1959,79,82,81
1960,80,82,81
1961,81,82,83
1962,82,82,85
1963,83,82,64
1964,84,82,57
1965,85,82,51
1966,86,82,48
1967,87,82,46
1968,88,82,45
1969,89,82,45
1970,90,82,40
1971,91,82,34
1972,92,82,32
1973,93,82,46
1974,94,82,55
1975,95,82,62
1976,96,82,68
1977,97,82,66
1978,98,82,61
1979,99,82,69
1980,100,82,68
1981,101,82,71
1982,102,82,74
1983,103,82,78
1984,104,82,81
1985,105,82,71
1986,106,82,59
1987,107,82,51
1988,108,82,46
1989,109,82,44
1990,110,82,44
1991,111,82,32
1992,112,82,45
1993,113,82,42
1994,114,82,44
1995,115,82,35
1996,116,82,36
1997,117,82,38
1998,118,82,67
1999,119,82,71
2000,120,82,74
2001,121,82,76
2002,122,82,78
2003,123,82,77
2004,124,82,77
2005,125,82,78
2006,126,82,72
2007,127,82,77
2008,128,82,78
2009,129,82,75
2010,130,82,79
2011,131,82,83
2012,132,82,84
2013,133,82,86
2014,134,82,86
2015,135,82,86
2016,136,82,85
2017,137,82,79
2018,138,82,79
2019,139,82,77
2020,140,82,78
2021,141,82,83
2022,142,82,80
2023,143,82,81
2024,144,82,81
2025,145,83,84
2026,144,83,79
2027,143,83,84
2028,142,83,84
2029,141,83,81
2030,140,83,82
2031,139,83,83
2032,138,83,82
2033,137,83,79
2034,136,83,81
2035,135,83,82
2036,134,83,79
2037,133,83,83
2038,132,83,81
2039,131,83,80
2040,130,83,80
2041,129,83,84
2042,128,83,79
2043,127,83,80
2044,126,83,80
2045,125,83,80
2046,124,83,77
2047,123,83,77
2048,122,83,81
2049,121,83,81
2050,120,83,79
2051,119,83,79
2052,118,83,78
2053,117,83,79
2054,116,83,80
2055,115,83,78
2056,114,83,76
2057,113,83,70
2058,112,83,67
2059,111,83,49
2060,110,83,24
2061,109,83,36
2062,108,83,37
2063,107,83,42
2064,106,83,44
2065,105,83,44
2066,104,83,44
2067,103,83,44
2068,102,83,45
2069,101,83,47
2070,100,83,59
2071,99,83,73
2072,98,83,82
2073,97,83,79
2074,96,83,76
2075,95,83,67
2076,94,83,70
2077,93,83,67
2078,92,83,67
2079,91,83,67
2080,90,83,67
2081,89,83,65
2082,88,83,63
2083,87,83,50
2084,86,83,43
2085,85,83,36
2086,84,83,35
2087,83,83,40
2088,82,83,32
2089,81,83,45
2090,80,83,32
2091,79,83,47
2092,78,83,52
2093,77,83,58
2094,76,83,67
2095,75,83,83
2096,74,83,84
2097,73,83,81
2098,72,83,80
2099,71,83,76
2100,70,83,76
2101,69,83,77
2102,68,83,80
2103,67,83,82
2104,66,83,86
2105,65,83,85
2106,64,83,85
2107,63,83,86
2108,62,83,86
2109,61,83,86
2110,60,83,81
2111,59,83,81
2112,58,83,82
2113,57,83,79
2114,56,83,76
2115,55,84,77
2116,56,84,77
2117,57,84,77
2118,58,84,79
2119,59,84,79
2120,60,84,78
2121,61,84,79
2122,62,84,80
2123,63,84,79
2124,64,84,75
2125,65,84,80
2126,66,84,78
2127,67,84,76
2128,68,84,80
2129,69,84,78
2130,70,84,79
2131,71,84,83
2132,72,84,84
2133,73,84,83
2134,74,84,84
2135,75,84,81
2136,76,84,77
2137,77,84,74
2138,78,84,77
2139,79,84,82
2140,80,84,82
2141,81,84,84
2142,82,84,85
2143,83,84,72
2144,84,84,59
2145,85,84,53
2146,86,84,41
2147,87,84,46
2148,88,84,32
2149,89,84,42
2150,90,84,40
2151,91,84,34
2152,92,84,40
2153,93,84,43
2154,94,84,48
2155,95,84,51
2156,96,84,54
2157,97,84,55
2158,98,84,60
2159,99,84,61
2160,100,84,64
2161,101,84,59
2162,102,84,68
2163,103,84,72
2164,104,84,78
2165,105,84,75
2166,106,84,64
2167,107,84,54
2168,108,84,44
2169,109,84,44
2170,110,84,44
2171,111,84,44
2172,112,84,43
2173,113,84,44
2174,114,84,42
2175,115,84,38
2176,116,84,23
2177,117,84,41
2178,118,84,60
2179,119,84,72
2180,120,84,82
2181,121,84,81
2182,122,84,79
2183,123,84,79
2184,124,84,80
2185,125,84,79
2186,126,84,79
2187,127,84,78
2188,128,84,81
2189,129,84,77
2190,130,84,80
2191,131,84,79
2192,132,84,80
2193,133,84,80
2194,134,84,78
2195,135,84,78
2196,136,84,82
2197,137,84,79
2198,138,84,81
2199,139,84,82
2200,140,84,81
2201,141,84,81
2202,142,84,80
2203,143,84,79
2204,144,84,76
2205,145,85,78
2206,144,85,79
2207,143,85,82
2208,142,85,84
2209,141,85,84
2210,140,85,82
2211,139,85,82
2212,138,85,80
2213,137,85,82
2214,136,85,81
2215,135,85,83
2216,134,85,78
2217,133,85,80
2218,132,85,81
2219,131,85,84
2220,130,85,81
2221,129,85,79
2222,128,85,81
2223,127,85,78
2224,126,85,82
2225,125,85,79
2226,124,85,80
2227,123,85,80
2228,122,85,81
2229,121,85,81
2230,120,85,78
2231,119,85,83
2232,118,85,80
2233,117,85,79
2234,116,85,80
2235,115,85,81
2236,114,85,80
2237,113,85,79
2238,112,85,74
2239,111,85,62
2240,110,85,33
2241,109,85,35
2242,108,85,37
2243,107,85,44
2244,106,85,42
2245,105,85,33
2246,104,85,44
2247,103,85,44
2248,102,85,44
2249,101,85,50
2250,100,85,54
2251,99,85,61
2252,98,85,60
2253,97,85,61
2254,96,85,62
2255,95,85,53
2256,94,85,51
2257,93,85,48
2258,92,85,35
2259,91,85,45
2260,90,85,43
2261,89,85,44
2262,88,85,44
2263,87,85,46
2264,86,85,44
2265,85,85,42
2266,84,85,38
2267,83,85,41
2268,82,85,45
2269,81,85,45
2270,80,85,46
2271,79,85,46
2272,78,85,49
2273,77,85,42
2274,76,85,75
2275,75,85,82
2276,74,85,85
2277,73,85,83
2278,72,85,81
2279,71,85,80
2280,70,85,74
2281,69,85,75
2282,68,85,80
2283,67,85,80
2284,66,85,84
2285,65,85,85
2286,64,85,86
2287,63,85,85
2288,62,85,84
2289,61,85,86
2290,60,85,80
2291,59,85,76
2292,58,85,80
2293,57,85,77
2294,56,85,79
2295,55,86,81
2296,56,86,85
2297,57,86,85
2298,58,86,86
2299,59,86,86
2300,60,86,86
2301,61,86,85
2302,62,86,86
2303,63,86,74
2304,64,86,74
2305,65,86,77
2306,66,86,74
2307,67,86,86
2308,68,86,85
2309,69,86,86
2310,70,86,86
2311,71,86,86
2312,72,86,86
2313,73,86,86
2314,74,86,82
2315,75,86,77
2316,76,86,72
2317,77,86,74
2318,78,86,77
2319,79,86,81
2320,80,86,84
2321,81,86,85
2322,82,86,84
2323,83,86,78
2324,84,86,54
2325,85,86,50
2326,86,86,46
2327,87,86,47
2328,88,86,46
2329,89,86,45
2330,90,86,45
2331,91,86,34
2332,92,86,45
2333,93,86,41
2334,94,86,45
2335,95,86,45
2336,96,86,44
2337,97,86,44
2338,98,86,44
2339,99,86,45
2340,100,86,45
2341,101,86,45
2342,102,86,45
2343,103,86,46
2344,104,86,45
2345,105,86,46
2346,106,86,39
2347,107,86,47
2348,108,86,45
2349,109,86,44
2350,110,86,44
2351,111,86,44
2352,112,86,44
2353,113,86,42
2354,114,86,43
2355,115,86,38
2356,116,86,35
2357,117,86,43
2358,118,86,64
2359,119,86,75
2360,120,86,80
2361,121,86,73
2362,122,86,78
2363,123,86,78
2364,124,86,80
2365,125,86,79
2366,126,86,81
2367,127,86,80
2368,128,86,79
2369,129,86,79
2370,130,86,79
2371,131,86,80
2372,132,86,78
2373,133,86,78
2374,134,86,76
2375,135,86,81
2376,136,86,81
2377,137,86,81
2378,138,86,83
2379,139,86,81
2380,140,86,81
2381,141,86,83
2382,142,86,84
2383,143,86,85
2384,144,86,85
2385,145,87,85
2386,144,87,86
2387,143,87,86
2388,142,87,86
2389,141,87,85
2390,140,87,86
2391,139,87,84
2392,138,87,86
2393,137,87,86
2394,136,87,86
2395,135,87,85
2396,134,87,86
2397,133,87,86
2398,132,87,86
2399,131,87,85
2400,130,87,86
2401,129,87,85
2402,128,87,82
2403,127,87,84
2404,126,87,82
2405,125,87,86
2406,124,87,86
2407,123,87,86
2408,122,87,84
2409,121,87,81
2410,120,87,84
2411,119,87,83
2412,118,87,83
2413,117,87,82
2414,116,87,82
2415,115,87,77
2416,114,87,79
2417,113,87,78
2418,112,87,78
2419,111,87,54
2420,110,87,41
2421,109,87,31
2422,108,87,38
2423,107,87,43
2424,106,87,43
2425,105,87,43
2426,104,87,44
2427,103,87,44
2428,102,87,31
2429,101,87,44
2430,100,87,45
2431,99,87,44
2432,98,87,44
2433,97,87,42
2434,96,87,44
2435,95,87,44
2436,94,87,44
2437,93,87,44
2438,92,87,43
2439,91,87,44
2440,90,87,44
2441,89,87,45
2442,88,87,45
2443,87,87,33
2444,86,87,45
2445,85,87,45
2446,84,87,45
2447,83,87,44
2448,82,87,45
2449,81,87,46
2450,80,87,46
2451,79,87,47
2452,78,87,49
2453,77,87,59
2454,76,87,71
2455,75,87,84
2456,74,87,86
2457,73,87,83
2458,72,87,79
2459,71,87,76
2460,70,87,74
2461,69,87,73
2462,68,87,81
2463,67,87,83
2464,66,87,84
2465,65,87,86
2466,64,87,86
2467,63,87,86
2468,62,87,83
2469,61,87,86
2470,60,87,86
2471,59,87,68
2472,58,87,77
2473,57,87,70
2474,56,87,78
2475,55,88,86
2476,56,88,86
2477,57,88,86
2478,58,88,86
2479,59,88,86
2480,60,88,86
2481,61,88,86
2482,62,88,59
2483,63,88,77
2484,64,88,79
2485,65,88,78
2486,66,88,73
2487,67,88,85
2488,68,88,85
2489,69,88,85
2490,70,88,86
2491,71,88,86
2492,72,88,86
2493,73,88,86
2494,74,88,83
2495,75,88,81
2496,76,88,75
2497,77,88,77
2498,78,88,80
2499,79,88,81
2500,80,88,81
2501,81,88,81
2502,82,88,85
2503,83,88,64
2504,84,88,55
2505,85,88,50
2506,86,88,47
2507,87,88,44
2508,88,88,46
2509,89,88,46
2510,90,88,45
2511,91,88,46
2512,92,88,45
2513,93,88,45
2514,94,88,44
2515,95,88,45
2516,96,88,32
2517,97,88,43
2518,98,88,43
2519,99,88,44
2520,100,88,44
2521,101,88,43
2522,102,88,44
2523,103,88,45
2524,104,88,44
2525,105,88,44
2526,106,88,42
2527,107,88,44
2528,108,88,44
2529,109,88,40
2530,110,88,43
2531,111,88,32
2532,112,88,44
2533,113,88,44
2534,114,88,42
2535,115,88,32
2536,116,88,34
2537,117,88,48
2538,118,88,74
2539,119,88,78
2540,120,88,78
2541,121,88,78
2542,122,88,79
2543,123,88,79
2544,124,88,79
2545,125,88,81
2546,126,88,81
2547,127,88,79
2548,128,88,80
2549,129,88,78
2550,130,88,83
2551,131,88,80
2552,132,88,83
2553,133,88,80
2554,134,88,80
2555,135,88,81
2556,136,88,83
2557,137,88,79
2558,138,88,81
2559,139,88,75
2560,140,88,81
2561,141,88,82
2562,142,88,86
2563,143,88,84
2564,144,88,83
2565,145,89,84
2566,144,89,86
2567,143,89,86
2568,142,89,83
2569,141,89,85
2570,140,89,85
2571,139,89,85
2572,138,89,82
2573,137,89,82
2574,136,89,84
2575,135,89,83
2576,134,89,80
2577,133,89,81
2578,132,89,80
2579,131,89,80
2580,130,89,78
2581,129,89,80
2582,128,89,82
2583,127,89,84
2584,126,89,81
2585,125,89,77
2586,124,89,78
2587,123,89,79
2588,122,89,80
2589,121,89,79
2590,120,89,77
2591,119,89,81
2592,118,89,82
2593,117,89,80
2594,116,89,80
2595,115,89,81
2596,114,89,78
2597,113,89,78
2598,112,89,76
2599,111,89,70
2600,110,89,57
2601,109,89,34
2602,108,89,36
2603,107,89,40
2604,106,89,43
2605,105,89,43
2606,104,89,43
2607,103,89,43
2608,102,89,44
2609,101,89,44
2610,100,89,44
2611,99,89,43
2612,98,89,44
2613,97,89,32
2614,96,89,44
2615,95,89,45
2616,94,89,44
2617,93,89,44
2618,92,89,42
2619,91,89,44
2620,90,89,45
2621,89,89,44
2622,88,89,45
2623,87,89,45
2624,86,89,45
2625,85,89,43
2626,84,89,40
2627,83,89,45
2628,82,89,34
2629,81,89,46
2630,80,89,46
2631,79,89,47
2632,78,89,50
2633,77,89,55
2634,76,89,62
2635,75,89,83
2636,74,89,83
2637,73,89,82
2638,72,89,81
2639,71,89,80
2640,70,89,75
2641,69,89,73
2642,68,89,80
2643,67,89,82
2644,66,89,86
2645,65,89,86
2646,64,89,86
2647,63,89,86
2648,62,89,86
2649,61,89,85
2650,60,89,86
2651,59,89,77
2652,58,89,78
2653,57,89,73
2654,56,89,83
2655,55,90,85
2656,56,90,84
2657,57,90,86
2658,58,90,86
2659,59,90,86
2660,60,90,86
2661,61,90,86
2662,62,90,86
2663,63,90,80
2664,64,90,76
2665,65,90,80
2666,66,90,77
2667,67,90,85
2668,68,90,86
2669,69,90,86
2670,70,90,86
2671,71,90,84
2672,72,90,86
2673,73,90,86
2674,74,90,83
2675,75,90,80
2676,76,90,74
2677,77,90,74
2678,78,90,78
2679,79,90,81
2680,80,90,84
2681,81,90,84
2682,82,90,81
2683,83,90,67
2684,84,90,57
2685,85,90,52
2686,86,90,37
2687,87,90,47
2688,88,90,47
2689,89,90,44
2690,90,90,46
2691,91,90,45
2692,92,90,45
2693,93,90,46
2694,94,90,44
2695,95,90,45
2696,96,90,43
2697,97,90,45
2698,98,90,45
2699,99,90,41
2700,100,90,43
2701,101,90,32
2702,102,90,44
2703,103,90,44
2704,104,90,44
2705,105,90,44
2706,106,90,44
2707,107,90,44
2708,108,90,41
2709,109,90,44
2710,110,90,44
2711,111,90,44
2712,112,90,43
2713,113,90,44
2714,114,90,28
2715,115,90,36
2716,116,90,31
2717,117,90,60
2718,118,90,71
2719,119,90,78
2720,120,90,81
2721,121,90,81
2722,122,90,79
2723,123,90,80
2724,124,90,80
2725,125,90,78
2726,126,90,82
2727,127,90,79
2728,128,90,80
2729,129,90,75
2730,130,90,81
2731,131,90,80
2732,132,90,80
2733,133,90,79
2734,134,90,81
2735,135,90,78
2736,136,90,79
2737,137,90,79
2738,138,90,80
2739,139,90,82
2740,140,90,80
2741,141,90,82
2742,142,90,76
2743,143,90,82
2744,144,90,83
2745,145,91,82
2746,144,91,80
2747,143,91,85
2748,142,91,86
2749,141,91,86
2750,140,91,85
2751,139,91,84
2752,138,91,86
2753,137,91,84
2754,136,91,83
2755,135,91,80
2756,134,91,78
2757,133,91,81
2758,132,91,81
2759,131,91,83
2760,130,91,82
2761,129,91,82
2762,128,91,81
2763,127,91,80
2764,126,91,82
2765,125,91,82
2766,124,91,80
2767,123,91,79
2768,122,91,82
2769,121,91,81
2770,120,91,78
2771,119,91,80
2772,118,91,80
2773,117,91,82
2774,116,91,80
2775,115,91,81
2776,114,91,79
2777,113,91,80
2778,112,91,78
2779,111,91,73
2780,110,91,48
2781,109,91,34
2782,108,91,33
2783,107,91,31
2784,106,91,44
2785,105,91,41
2786,104,91,44
2787,103,91,44
2788,102,91,44
2789,101,91,42
2790,100,91,44
2791,99,91,44
2792,98,91,44
2793,97,91,43
2794,96,91,44
2795,95,91,44
2796,94,91,34
2797,93,91,44
2798,92,91,40
2799,91,91,45
2800,90,91,43
2801,89,91,45
2802,88,91,45
2803,87,91,45
2804,86,91,45
2805,85,91,46
2806,84,91,45
2807,83,91,44
2808,82,91,46
2809,81,91,46
2810,80,91,46
2811,79,91,37
2812,78,91,51
2813,77,91,54
2814,76,91,72
2815,75,91,82
2816,74,91,85
2817,73,91,83
2818,72,91,82
2819,71,91,81
2820,70,91,78
2821,69,91,74
2822,68,91,78
2823,67,91,84
2824,66,91,86
2825,65,91,86
2826,64,91,84
2827,63,91,86
2828,62,91,84
2829,61,91,86
2830,60,91,86
2831,59,91,75
2832,58,91,78
2833,57,91,74
2834,56,91,78
2835,55,92,85
2836,56,92,86
2837,57,92,86
2838,58,92,86
2839,59,92,86
2840,60,92,86
2841,61,92,84
2842,62,92,86
2843,63,92,81
2844,64,92,75
2845,65,92,78
2846,66,92,73
2847,67,92,86
2848,68,92,86
2849,69,92,85
2850,70,92,86
2851,71,92,86
2852,72,92,86
2853,73,92,85
2854,74,92,84
2855,75,92,79
2856,76,92,69
2857,77,92,75
2858,78,92,82
2859,79,92,81
2860,80,92,81
2861,81,92,82
2862,82,92,83
2863,83,92,80
2864,84,92,58
2865,85,92,54
2866,86,92,50
2867,87,92,48
2868,88,92,46
2869,89,92,38
2870,90,92,46
2871,91,92,38
2872,92,92,45
2873,93,92,45
2874,94,92,44
2875,95,92,45
2876,96,92,45
2877,97,92,45
2878,98,92,44
2879,99,92,45
2880,100,92,44
2881,101,92,44
2882,102,92,44
2883,103,92,44
2884,104,92,33
2885,105,92,44
2886,106,92,43
2887,107,92,44
2888,108,92,44
2889,109,92,44
2890,110,92,41
2891,111,92,44
2892,112,92,44
2893,113,92,43
2894,114,92,40
2895,115,92,37
2896,116,92,39
2897,117,92,54
2898,118,92,69
2899,119,92,76
2900,120,92,80
2901,121,92,78
2902,122,92,78
2903,123,92,78
2904,124,92,79
2905,125,92,81
2906,126,92,79
2907,127,92,78
2908,128,92,79
2909,129,92,79
2910,130,92,82
2911,131,92,78
2912,132,92,74
2913,133,92,81
2914,134,92,79
2915,135,92,80
2916,136,92,80
2917,137,92,83
2918,138,92,82
2919,139,92,79
2920,140,92,80
2921,141,92,81
2922,142,92,81
2923,143,92,84
2924,144,92,82
2925,145,93,86
2926,144,93,85
2927,143,93,86
2928,142,93,85
2929,141,93,86
2930,140,93,85
2931,139,93,83
2932,138,93,84
2933,137,93,85
2934,136,93,82
2935,135,93,84
2936,134,93,84
2937,133,93,83
2938,132,93,81
2939,131,93,85
2940,130,93,74
2941,129,93,83
2942,128,93,80
2943,127,93,79
2944,126,93,81
2945,125,93,83
2946,124,93,79
2947,123,93,80
2948,122,93,81
2949,121,93,79
2950,120,93,80
2951,119,93,81
2952,118,93,78
2953,117,93,77
2954,116,93,79
2955,115,93,80
2956,114,93,78
2957,113,93,80
2958,112,93,77
2959,111,93,64
2960,110,93,51
2961,109,93,38
2962,108,93,39
2963,107,93,42
2964,106,93,44
2965,105,93,44
2966,104,93,36
2967,103,93,44
2968,102,93,40
2969,101,93,44
2970,100,93,44
2971,99,93,44
2972,98,93,44
2973,97,93,44
2974,96,93,45
2975,95,93,44
2976,94,93,44
2977,93,93,45
2978,92,93,44
2979,91,93,45
2980,90,93,45
2981,89,93,34
2982,88,93,43
2983,87,93,45
2984,86,93,45
2985,85,93,46
2986,84,93,46
2987,83,93,46
2988,82,93,46
2989,81,93,46
2990,80,93,52
2991,79,93,56
2992,78,93,65
2993,77,93,81
2994,76,93,86
2995,75,93,82
2996,74,93,79
2997,73,93,82
2998,72,93,80
2999,71,93,79
3000,70,93,75
3001,69,93,75
3002,68,93,82
3003,67,93,80
3004,66,93,85
3005,65,93,86
3006,64,93,85
3007,63,93,86
3008,62,93,86
3009,61,93,86
3010,60,93,85
3011,59,93,71
3012,58,93,80
3013,57,93,76
3014,56,93,83
3015,55,94,86
3016,56,94,86
3017,57,94,85
3018,58,94,86
3019,59,94,86
3020,60,94,86
3021,61,94,86
3022,62,94,85
3023,63,94,80
3024,64,94,73
3025,65,94,79
3026,66,94,75
3027,67,94,85
3028,68,94,86
3029,69,94,86
3030,70,94,86
3031,71,94,85
3032,72,94,86
3033,73,94,86
3034,74,94,85
3035,75,94,78
3036,76,94,77
3037,77,94,75
3038,78,94,78
3039,79,94,77
3040,80,94,80
3041,81,94,78
3042,82,94,80
3043,83,94,84
3044,84,94,82
3045,85,94,83
3046,86,94,78
3047,87,94,58
3048,88,94,54
3049,89,94,50
3050,90,94,46
3051,91,94,46
3052,92,94,46
3053,93,94,46
3054,94,94,35
3055,95,94,45
3056,96,94,41
3057,97,94,45
3058,98,94,45
3059,99,94,45
3060,100,94,44
3061,101,94,45
3062,102,94,45
3063,103,94,45
3064,104,94,43
3065,105,94,44
3066,106,94,44
3067,107,94,44
3068,108,94,44
3069,109,94,32
3070,110,94,44
3071,111,94,44
3072,112,94,43
3073,113,94,45
3074,114,94,43
3075,115,94,34
3076,116,94,37
3077,117,94,54
3078,118,94,75
3079,119,94,79
3080,120,94,80
3081,121,94,79
3082,122,94,76
3083,123,94,82
3084,124,94,78
3085,125,94,80
3086,126,94,81
3087,127,94,81
3088,128,94,80
3089,129,94,82
3090,130,94,78
3091,131,94,81
3092,132,94,80
3093,133,94,81
3094,134,94,79
3095,135,94,82
3096,136,94,81
3097,137,94,75
3098,138,94,78
3099,139,94,77
3100,140,94,81
3101,141,94,82
3102,142,94,80
3103,143,94,84
3104,144,94,84
3105,145,95,85
3106,144,95,85
3107,143,95,84
3108,142,95,85
3109,141,95,86
3110,140,95,83
3111,139,95,83
3112,138,95,85
3113,137,95,85
3114,136,95,83
3115,135,95,81
3116,134,95,82
3117,133,95,81
3118,132,95,80
3119,131,95,82
3120,130,95,81
3121,129,95,80
3122,128,95,81
3123,127,95,80
3124,126,95,78
3125,125,95,76
3126,124,95,80
3127,123,95,79
3128,122,95,79
3129,121,95,82
3130,120,95,80
3131,119,95,81
3132,118,95,81
3133,117,95,81
3134,116,95,80
3135,115,95,80
3136,114,95,81
3137,113,95,78
3138,112,95,72
3139,111,95,71
3140,110,95,60
3141,109,95,32
3142,108,95,36
3143,107,95,41
3144,106,95,44
3145,105,95,43
3146,104,95,45
3147,103,95,44
3148,102,95,44
3149,101,95,44
3150,100,95,45
3151,99,95,32
3152,98,95,45
3153,97,95,44
3154,96,95,45
3155,95,95,45
3156,94,95,45
3157,93,95,44
3158,92,95,45
3159,91,95,45
3160,90,95,45
3161,89,95,45
3162,88,95,46
3163,87,95,46
3164,86,95,45
3165,85,95,46
3166,84,95,36
3167,83,95,48
3168,82,95,51
3169,81,95,63
3170,80,95,73
3171,79,95,81
3172,78,95,83
3173,77,95,82
3174,76,95,81
3175,75,95,80
3176,74,95,80
3177,73,95,81
3178,72,95,79
3179,71,95,75
3180,70,95,76
3181,69,95,75
3182,68,95,83
3183,67,95,84
3184,66,95,85
3185,65,95,84
3186,64,95,86
3187,63,95,86
3188,62,95,85
3189,61,95,86
3190,60,95,86
3191,59,95,79
3192,58,95,79
3193,57,95,78
3194,56,95,77
3195,55,96,86
3196,56,96,86
3197,57,96,86
3198,58,96,86
3199,59,96,85
3200,60,96,86
3201,61,96,86
3202,62,96,86
3203,63,96,77
3204,64,96,74
3205,65,96,77
3206,66,96,80
3207,67,96,86
3208,68,96,86
3209,69,96,81
3210,70,96,83
3211,71,96,83
3212,72,96,85
3213,73,96,85
3214,74,96,86
3215,75,96,82
3216,76,96,77
3217,77,96,75
3218,78,96,78
3219,79,96,79
3220,80,96,80
3221,81,96,81
3222,82,96,81
3223,83,96,81
3224,84,96,77
3225,85,96,82
3226,86,96,80
3227,87,96,81
3228,88,96,77
3229,89,96,60
3230,90,96,54
3231,91,96,50
3232,92,96,48
3233,93,96,47
3234,94,96,47
3235,95,96,45
3236,96,96,46
3237,97,96,46
3238,98,96,45
3239,99,96,34
3240,100,96,45
3241,101,96,44
3242,102,96,45
3243,103,96,43
3244,104,96,45
3245,105,96,45
3246,106,96,44
3247,107,96,44
3248,108,96,45
3249,109,96,45
3250,110,96,45
3251,111,96,43
3252,112,96,34
3253,113,96,44
3254,114,96,39
3255,115,96,35
3256,116,96,33
3257,117,96,63
3258,118,96,70
3259,119,96,77
3260,120,96,81
3261,121,96,81
3262,122,96,80
3263,123,96,79
3264,124,96,77
3265,125,96,78
3266,126,96,80
3267,127,96,73
3268,128,96,79
3269,129,96,81
3270,130,96,80
3271,131,96,79
3272,132,96,80
3273,133,96,78
3274,134,96,78
3275,135,96,79
3276,136,96,79
3277,137,96,78
3278,138,96,81
3279,139,96,81
3280,140,96,81
3281,141,96,83
3282,142,96,83
3283,143,96,82
3284,144,96,81
3285,145,97,86
3286,144,97,86
3287,143,97,86
3288,142,97,86
3289,141,97,86
3290,140,97,84
3291,139,97,85
3292,138,97,85
3293,137,97,86
3294,136,97,81
3295,135,97,80
3296,134,97,83
3297,133,97,83
3298,132,97,83
3299,131,97,82
3300,130,97,82
3301,129,97,81
3302,128,97,82
3303,127,97,59
3304,126,97,81
3305,125,97,81
3306,124,97,79
3307,123,97,79
3308,122,97,79
3309,121,97,81
3310,120,97,80
3311,119,97,81
3312,118,97,79
3313,117,97,81
3314,116,97,82
3315,115,97,79
3316,114,97,80
3317,113,97,79
3318,112,97,77
3319,111,97,62
3320,110,97,50
3321,109,97,28
3322,108,97,33
3323,107,97,43
3324,106,97,43
3325,105,97,43
3326,104,97,44
3327,103,97,45
3328,102,97,44
3329,101,97,43
3330,100,97,45
3331,99,97,45
3332,98,97,45
3333,97,97,45
3334,96,97,41
3335,95,97,46
3336,94,97,32
3337,93,97,46
3338,92,97,48
3339,91,97,48
3340,90,97,50
3341,89,97,54
3342,88,97,56
3343,87,97,56
3344,86,97,60
3345,85,97,67
3346,84,97,72
3347,83,97,76
3348,82,97,80
3349,81,97,81
3350,80,97,81
3351,79,97,81
3352,78,97,81
3353,77,97,79
3354,76,97,79
3355,75,97,82
3356,74,97,79
3357,73,97,79
3358,72,97,81
3359,71,97,81
3360,70,97,77
3361,69,97,78
3362,68,97,80
3363,67,97,83
3364,66,97,84
3365,65,97,86
3366,64,97,85
3367,63,97,86
3368,62,97,81
3369,61,97,81
3370,60,97,76
3371,59,97,78
3372,58,97,82
3373,57,97,78
3374,56,97,78
3375,55,98,80
3376,56,98,83
3377,57,98,80
3378,58,98,79
3379,59,98,75
3380,60,98,81
3381,61,98,81
3382,62,98,81
3383,63,98,79
3384,64,98,79
3385,65,98,79
3386,66,98,77
3387,67,98,79
3388,68,98,86
3389,69,98,85
3390,70,98,86
3391,71,98,86
3392,72,98,86
3393,73,98,85
3394,74,98,81
3395,75,98,78
3396,76,98,76
3397,77,98,76
3398,78,98,81
3399,79,98,81
3400,80,98,81
3401,81,98,82
3402,82,98,80
3403,83,98,80
3404,84,98,80
3405,85,98,80
3406,86,98,81
3407,87,98,82
3408,88,98,81
3409,89,98,78
3410,90,98,80
3411,91,98,79
3412,92,98,77
3413,93,98,74
3414,94,98,73
3415,95,98,66
3416,96,98,62
3417,97,98,54
3418,98,98,51
3419,99,98,50
3420,100,98,47
3421,101,98,47
3422,102,98,37
3423,103,98,45
3424,104,98,43
3425,105,98,45
3426,106,98,44
3427,107,98,44
3428,108,98,45
3429,109,98,45
3430,110,98,43
3431,111,98,42
3432,112,98,45
3433,113,98,44
3434,114,98,43
3435,115,98,38
3436,116,98,39
3437,117,98,45
3438,118,98,70
3439,119,98,78
3440,120,98,81
3441,121,98,78
3442,122,98,80
3443,123,98,79
3444,124,98,80
3445,125,98,79
3446,126,98,80
3447,127,98,82
3448,128,98,79
3449,129,98,80
3450,130,98,74
3451,131,98,80
3452,132,98,78
3453,133,98,81
3454,134,98,78
3455,135,98,81
3456,136,98,80
3457,137,98,85
3458,138,98,83
3459,139,98,80
3460,140,98,82
3461,141,98,83
3462,142,98,84
3463,143,98,84
3464,144,98,83
3465,145,99,81
3466,144,99,86
3467,143,99,86
3468,142,99,86
3469,141,99,85
3470,140,99,85
3471,139,99,86
3472,138,99,84
3473,137,99,83
3474,136,99,80
3475,135,99,86
3476,134,99,84
3477,133,99,83
3478,132,99,83
3479,131,99,84
3480,130,99,80
3481,129,99,82
3482,128,99,82
3483,127,99,82
3484,126,99,81
3485,125,99,83
3486,124,99,81
3487,123,99,79
3488,122,99,81
3489,121,99,79
3490,120,99,80
3491,119,99,78
3492,118,99,80
3493,117,99,80
3494,116,99,79
3495,115,99,79
3496,114,99,79
3497,113,99,80
3498,112,99,76
3499,111,99,64
3500,110,99,52
3501,109,99,38
3502,108,99,40
3503,107,99,44
3504,106,99,41
3505,105,99,45
3506,104,99,33
3507,103,99,45
3508,102,99,44
3509,101,99,44
3510,100,99,45
3511,99,99,45
3512,98,99,45
3513,97,99,47
3514,96,99,50
3515,95,99,53
3516,94,99,53
3517,93,99,64
3518,92,99,68
3519,91,99,67
3520,90,99,78
3521,89,99,79
3522,88,99,80
3523,87,99,79
3524,86,99,80
3525,85,99,81
3526,84,99,81
3527,83,99,82
3528,82,99,83
3529,81,99,80
3530,80,99,81
3531,79,99,79
3532,78,99,79
3533,77,99,80
3534,76,99,77
3535,75,99,81
3536,74,99,80
3537,73,99,80
3538,72,99,82
3539,71,99,78
3540,70,99,74
3541,69,99,74
3542,68,99,80
3543,67,99,82
3544,66,99,86
3545,65,99,86
3546,64,99,86
3547,63,99,86
3548,62,99,85
3549,61,99,84
3550,60,99,86
3551,59,99,74
3552,58,99,77
3553,57,99,77
3554,56,99,81
3555,55,100,78
3556,56,100,78
3557,57,100,77
3558,58,100,78
3559,59,100,80
3560,60,100,77
3561,61,100,85
3562,62,100,80
3563,63,100,81
3564,64,100,81
3565,65,100,82
3566,66,100,78
3567,67,100,86
3568,68,100,85
3569,69,100,86
3570,70,100,86
3571,71,100,86
3572,72,100,86
3573,73,100,84
3574,74,100,84
3575,75,100,79
3576,76,100,78
3577,77,100,68
3578,78,100,77
3579,79,100,78
3580,80,100,81
3581,81,100,79
3582,82,100,82
3583,83,100,82
3584,84,100,82
3585,85,100,81
3586,86,100,83
3587,87,100,80
3588,88,100,80
3589,89,100,79
3590,90,100,76
3591,91,100,81
3592,92,100,79
3593,93,100,82
3594,94,100,81
3595,95,100,82
3596,96,100,81
3597,97,100,81
3598,98,100,82
3599,99,100,81
3600,100,100,77
3601,101,100,69
3602,102,100,53
3603,103,100,39
3604,104,100,44
3605,105,100,44
3606,106,100,45
3607,107,100,45
3608,108,100,45
3609,109,100,45
3610,110,100,46
3611,111,100,45
3612,112,100,45
3613,113,100,45
3614,114,100,40
3615,115,100,32
3616,116,100,24
3617,117,100,51
3618,118,100,73
3619,119,100,78
3620,120,100,77
3621,121,100,78
3622,122,100,80
3623,123,100,81
3624,124,100,80
3625,125,100,79
3626,126,100,80
3627,127,100,81
3628,128,100,79
3629,129,100,80
3630,130,100,78
3631,131,100,75
3632,132,100,80
3633,133,100,82
3634,134,100,82
3635,135,100,80
3636,136,100,82
3637,137,100,81
3638,138,100,81
3639,139,100,83
3640,140,100,81
3641,141,100,83
3642,142,100,84
3643,143,100,86
3644,144,100,84
3645,145,101,86
3646,144,101,84
3647,143,101,85
3648,142,101,86
3649,141,101,84
3650,140,101,83
3651,139,101,85
3652,138,101,85
3653,137,101,84
3654,136,101,86
3655,135,101,82
3656,134,101,85
3657,133,101,82
3658,132,101,81
3659,131,101,83
3660,130,101,85
3661,129,101,84
3662,128,101,80
3663,127,101,83
3664,126,101,80
3665,125,101,81
3666,124,101,82
3667,123,101,82
3668,122,101,73
3669,121,101,78
3670,120,101,81
3671,119,101,81
3672,118,101,80
3673,117,101,81
3674,116,101,81
3675,115,101,80
3676,114,101,78
3677,113,101,78
3678,112,101,77
3679,111,101,69
3680,110,101,48
3681,109,101,24
3682,108,101,35
3683,107,101,44
3684,106,101,45
3685,105,101,44
3686,104,101,45
3687,103,101,45
3688,102,101,45
3689,101,101,45
3690,100,101,45
3691,99,101,46
3692,98,101,46
3693,97,101,48
3694,96,101,40
3695,95,101,58
3696,94,101,76
3697,93,101,83
3698,92,101,83
3699,91,101,80
3700,90,101,81
3701,89,101,82
3702,88,101,81
3703,87,101,80
3704,86,101,81
3705,85,101,80
3706,84,101,80
3707,83,101,76
3708,82,101,80
3709,81,101,76
3710,80,101,80
3711,79,101,81
3712,78,101,81
3713,77,101,82
3714,76,101,79
3715,75,101,81
3716,74,101,79
3717,73,101,80
3718,72,101,79
3719,71,101,81
3720,70,101,78
3721,69,101,78
3722,68,101,76
3723,67,101,85
3724,66,101,85
3725,65,101,86
3726,64,101,86
3727,63,101,86
3728,62,101,85
3729,61,101,86
3730,60,101,83
3731,59,101,78
3732,58,101,80
3733,57,101,80
3734,56,101,86
3735,55,102,84
3736,56,102,86
3737,57,102,84
3738,58,102,86
3739,59,102,86
3740,60,102,86
3741,61,102,85
3742,62,102,86
3743,63,102,86
3744,64,102,80
3745,65,102,79
3746,66,102,75
3747,67,102,86
3748,68,102,86
3749,69,102,86
3750,70,102,82
3751,71,102,86
3752,72,102,86
3753,73,102,86
3754,74,102,83
3755,75,102,78
3756,76,102,77
3757,77,102,75
3758,78,102,78
3759,79,102,82
3760,80,102,81
3761,81,102,81
3762,82,102,81
3763,83,102,78
3764,84,102,80
3765,85,102,80
3766,86,102,80
3767,87,102,80
3768,88,102,79
3769,89,102,80
3770,90,102,81
3771,91,102,81
3772,92,102,82
3773,93,102,81
3774,94,102,81
3775,95,102,79
3776,96,102,77
3777,97,102,81
3778,98,102,80
3779,99,102,85
3780,100,102,81
3781,101,102,68
3782,102,102,55
3783,103,102,47
3784,104,102,46
3785,105,102,46
3786,106,102,45
3787,107,102,46
3788,108,102,46
3789,109,102,41
3790,110,102,45
3791,111,102,37
3792,112,102,46
3793,113,102,45
3794,114,102,43
3795,115,102,37
3796,116,102,42
3797,117,102,60
3798,118,102,70
3799,119,102,79
3800,120,102,80
3801,121,102,81
3802,122,102,79
3803,123,102,78
3804,124,102,71
3805,125,102,80
3806,126,102,79
3807,127,102,77
3808,128,102,80
3809,129,102,81
3810,130,102,80
3811,131,102,82
3812,132,102,81
3813,133,102,80
3814,134,102,80
3815,135,102,79
3816,136,102,82
3817,137,102,77
3818,138,102,81
3819,139,102,84
3820,140,102,81
3821,141,102,83
3822,142,102,82
3823,143,102,81
3824,144,102,81
3825,145,103,82
3826,144,103,84
3827,143,103,85
3828,142,103,86
3829,141,103,85
3830,140,103,82
3831,139,103,82
3832,138,103,83
3833,137,103,82
3834,136,103,81
3835,135,103,83
3836,134,103,83
3837,133,103,80
3838,132,103,83
3839,131,103,83
3840,130,103,80
3841,129,103,83
3842,128,103,82
3843,127,103,80
3844,126,103,81
3845,125,103,83
3846,124,103,78
3847,123,103,82
3848,122,103,82
3849,121,103,81
3850,120,103,81
3851,119,103,79
3852,118,103,82
3853,117,103,78
3854,116,103,76
3855,115,103,78
3856,114,103,77
3857,113,103,76
3858,112,103,77
3859,111,103,66
3860,110,103,56
3861,109,103,34
3862,108,103,39
3863,107,103,43
3864,106,103,45
3865,105,103,45
3866,104,103,45
3867,103,103,34
3868,102,103,44
3869,101,103,45
3870,100,103,46
3871,99,103,45
3872,98,103,46
3873,97,103,48
3874,96,103,54
3875,95,103,59
3876,94,103,68
3877,93,103,86
3878,92,103,85
3879,91,103,85
3880,90,103,80
3881,89,103,79
3882,88,103,77
3883,87,103,79
3884,86,103,79
3885,85,103,80
3886,84,103,80
3887,83,103,81
3888,82,103,84
3889,81,103,81
3890,80,103,82
3891,79,103,80
3892,78,103,80
3893,77,103,82
3894,76,103,80
3895,75,103,76
3896,74,103,78
3897,73,103,80
3898,72,103,82
3899,71,103,78
3900,70,103,76
3901,69,103,75
3902,68,103,81
3903,67,103,83
3904,66,103,86
3905,65,103,86
3906,64,103,85
3907,63,103,86
3908,62,103,84
3909,61,103,86
3910,60,103,85
3911,59,103,78
3912,58,103,81
3913,57,103,82
3914,56,103,86
3915,55,104,84
3916,56,104,86
3917,57,104,86
3918,58,104,86
3919,59,104,85
3920,60,104,86
3921,61,104,85
3922,62,104,86
3923,63,104,85
3924,64,104,85
3925,65,104,81
3926,66,104,79
3927,67,104,86
3928,68,104,84
3929,69,104,86
3930,70,104,86
3931,71,104,86
3932,72,104,85
3933,73,104,86
3934,74,104,84
3935,75,104,81
3936,76,104,72
3937,77,104,76
3938,78,104,78
3939,79,104,82
3940,80,104,82
3941,81,104,78
3942,82,104,80
3943,83,104,81
3944,84,104,80
3945,85,104,79
3946,86,104,82
3947,87,104,81
3948,88,104,82
3949,89,104,79
3950,90,104,82
3951,91,104,80
3952,92,104,81
3953,93,104,83
3954,94,104,79
3955,95,104,81
3956,96,104,81
3957,97,104,83
3958,98,104,84
3959,99,104,86
3960,100,104,83
3961,101,104,70
3962,102,104,52
3963,103,104,48
3964,104,104,37
3965,105,104,46
3966,106,104,46
3967,107,104,46
3968,108,104,45
3969,109,104,44
3970,110,104,46
3971,111,104,45
3972,112,104,45
3973,113,104,45
3974,114,104,41
3975,115,104,33
3976,116,104,36
3977,117,104,55
3978,118,104,71
3979,119,104,78
3980,120,104,77
3981,121,104,81
3982,122,104,80
3983,123,104,81
3984,124,104,79
3985,125,104,81
3986,126,104,80
3987,127,104,81
3988,128,104,83
3989,129,104,80
3990,130,104,78
3991,131,104,83
3992,132,104,80
3993,133,104,80
3994,134,104,82
3995,135,104,81
3996,136,104,82
3997,137,104,79
3998,138,104,81
3999,139,104,77
4000,140,104,81
4001,141,104,79
4002,142,104,76
4003,143,104,78
4004,144,104,83
4005,145,105,85
4006,144,105,85
4007,143,105,85
4008,142,105,85
4009,141,105,85
4010,140,105,85
4011,139,105,81
4012,138,105,81
4013,137,105,82
4014,136,105,84
4015,135,105,82
4016,134,105,81
4017,133,105,82
4018,132,105,77
4019,131,105,81
4020,130,105,80
4021,129,105,78
4022,128,105,80
4023,127,105,79
4024,126,105,81
4025,125,105,81
4026,124,105,81
4027,123,105,82
4028,122,105,81
4029,121,105,76
4030,120,105,81
4031,119,105,80
4032,118,105,82
4033,117,105,80
4034,116,105,79
4035,115,105,81
4036,114,105,80
4037,113,105,80
4038,112,105,78
4039,111,105,71
4040,110,105,47
4041,109,105,41
4042,108,105,34
4043,107,105,45
4044,106,105,46
4045,105,105,45
4046,104,105,46
4047,103,105,46
4048,102,105,45
4049,101,105,46
4050,100,105,46
4051,99,105,46
4052,98,105,47
4053,97,105,39
4054,96,105,51
4055,95,105,64
4056,94,105,80
4057,93,105,84
4058,92,105,81
4059,91,105,81
4060,90,105,80
4061,89,105,80
4062,88,105,80
4063,87,105,79
4064,86,105,82
4065,85,105,81
4066,84,105,82
4067,83,105,81
4068,82,105,77
4069,81,105,81
4070,80,105,82
4071,79,105,80
4072,78,105,78
4073,77,105,81
4074,76,105,82
4075,75,105,82
4076,74,105,80
4077,73,105,80
4078,72,105,80
4079,71,105,78
4080,70,105,77
4081,69,105,74
4082,68,105,82
4083,67,105,84
4084,66,105,85
4085,65,105,86
4086,64,105,86
4087,63,105,86
4088,62,105,86
4089,61,105,85
4090,60,105,85
4091,59,105,75
4092,58,105,82
4093,57,105,85
4094,56,105,85
4095,55,106,86
4096,56,106,85
4097,57,106,85
4098,58,106,86
4099,59,106,86
4100,60,106,86
4101,61,106,85
4102,62,106,86
4103,63,106,86
4104,64,106,86
4105,65,106,81
4106,66,106,78
4107,67,106,86
4108,68,106,86
4109,69,106,84
4110,70,106,85
4111,71,106,86
4112,72,106,86
4113,73,106,86
4114,74,106,86
4115,75,106,83
4116,76,106,81
4117,77,106,78
4118,78,106,79
4119,79,106,77
4120,80,106,81
4121,81,106,80
4122,82,106,77
4123,83,106,81
4124,84,106,81
4125,85,106,81
4126,86,106,79
4127,87,106,79
4128,88,106,85
4129,89,106,81
4130,90,106,82
4131,91,106,79
4132,92,106,82
4133,93,106,82
4134,94,106,81
4135,95,106,83
4136,96,106,83
4137,97,106,76
4138,98,106,84
4139,99,106,83
4140,100,106,80
4141,101,106,73
4142,102,106,59
4143,103,106,50
4144,104,106,48
4145,105,106,47
4146,106,106,48
4147,107,106,47
4148,108,106,47
4149,109,106,47
4150,110,106,35
4151,111,106,46
4152,112,106,47
4153,113,106,46
4154,114,106,44
4155,115,106,36
4156,116,106,48
4157,117,106,60
4158,118,106,79
4159,119,106,77
4160,120,106,79
4161,121,106,80
4162,122,106,80
4163,123,106,78
4164,124,106,81
4165,125,106,78
4166,126,106,78
4167,127,106,79
4168,128,106,78
4169,129,106,81
4170,130,106,81
4171,131,106,81
4172,132,106,80
4173,133,106,79
4174,134,106,82
4175,135,106,82
4176,136,106,74
4177,137,106,79
4178,138,106,78
4179,139,106,80
4180,140,106,79
4181,141,106,82
4182,142,106,81
4183,143,106,85
4184,144,106,83
4185,145,107,82
4186,144,107,82
4187,143,107,85
4188,142,107,85
4189,141,107,84
4190,140,107,85
4191,139,107,86
4192,138,107,85
4193,137,107,85
4194,136,107,82
4195,135,107,83
4196,134,107,78
4197,133,107,81
4198,132,107,81
4199,131,107,80
4200,130,107,82
4201,129,107,81
4202,128,107,79
4203,127,107,80
4204,126,107,79
4205,125,107,79
4206,124,107,82
4207,123,107,79
4208,122,107,79
4209,121,107,78
4210,120,107,80
4211,119,107,82
4212,118,107,81
4213,117,107,78
4214,116,107,82
4215,115,107,78
4216,114,107,80
4217,113,107,80
4218,112,107,74
4219,111,107,73
4220,110,107,60
4221,109,107,36
4222,108,107,39
4223,107,107,44
4224,106,107,46
4225,105,107,47
4226,104,107,38
4227,103,107,48
4228,102,107,46
4229,101,107,48
4230,100,107,50
4231,99,107,50
4232,98,107,51
4233,97,107,57
4234,96,107,67
4235,95,107,75
4236,94,107,81
4237,93,107,82
4238,92,107,80
4239,91,107,81
4240,90,107,81
4241,89,107,77
4242,88,107,80
4243,87,107,82
4244,86,107,80
4245,85,107,81
4246,84,107,81
4247,83,107,82
4248,82,107,80
4249,81,107,82
4250,80,107,82
4251,79,107,82
4252,78,107,81
4253,77,107,81
4254,76,107,76
4255,75,107,79
4256,74,107,80
4257,73,107,79
4258,72,107,77
4259,71,107,77
4260,70,107,79
4261,69,107,79
4262,68,107,83
4263,67,107,85
4264,66,107,85
4265,65,107,86
4266,64,107,86
4267,63,107,84
4268,62,107,85
4269,61,107,85
4270,60,107,86
4271,59,107,80
4272,58,107,83
4273,57,107,86
4274,56,107,86
4275,55,108,86
4276,56,108,85
4277,57,108,86
4278,58,108,86
4279,59,108,86
4280,60,108,86
4281,61,108,86
4282,62,108,84
4283,63,108,86
4284,64,108,85
4285,65,108,81
4286,66,108,78
4287,67,108,86
4288,68,108,86
4289,69,108,85
4290,70,108,86
4291,71,108,85
4292,72,108,86
4293,73,108,83
4294,74,108,82
4295,75,108,81
4296,76,108,76
4297,77,108,76
4298,78,108,76
4299,79,108,78
4300,80,108,80
4301,81,108,81
4302,82,108,80
4303,83,108,81
4304,84,108,80
4305,85,108,81
4306,86,108,80
4307,87,108,81
4308,88,108,77
4309,89,108,81
4310,90,108,80
4311,91,108,81
4312,92,108,79
4313,93,108,81
4314,94,108,82
4315,95,108,80
4316,96,108,79
4317,97,108,80
4318,98,108,81
4319,99,108,80
4320,100,108,80
4321,101,108,82
4322,102,108,80
4323,103,108,74
4324,104,108,73
4325,105,108,69
4326,106,108,67
4327,107,108,56
4328,108,108,53
4329,109,108,51
4330,110,108,50
4331,111,108,46
4332,112,108,47
4333,113,108,47
4334,114,108,45
4335,115,108,40
4336,116,108,29
4337,117,108,68
4338,118,108,75
4339,119,108,80
4340,120,108,81
4341,121,108,79
4342,122,108,78
4343,123,108,78
4344,124,108,81
4345,125,108,79
4346,126,108,81
4347,127,108,78
4348,128,108,81
4349,129,108,74
4350,130,108,80
4351,131,108,80
4352,132,108,79
4353,133,108,76
4354,134,108,81
4355,135,108,78
4356,136,108,82
4357,137,108,80
4358,138,108,82
4359,139,108,83
4360,140,108,81
4361,141,108,82
4362,142,108,77
4363,143,108,81
4364,144,108,81
4365,145,109,82
4366,144,109,86
4367,143,109,85
4368,142,109,86
4369,141,109,85
4370,140,109,85
4371,139,109,85
4372,138,109,83
4373,137,109,85
4374,136,109,83
4375,135,109,77
4376,134,109,83
4377,133,109,81
4378,132,109,81
4379,131,109,82
4380,130,109,82
4381,129,109,80
4382,128,109,79
4383,127,109,82
4384,126,109,82
4385,125,109,83
4386,124,109,80
4387,123,109,84
4388,122,109,72
4389,121,109,81
4390,120,109,81
4391,119,109,81
4392,118,109,80
4393,117,109,79
4394,116,109,80
4395,115,109,78
4396,114,109,82
4397,113,109,80
4398,112,109,79
4399,111,109,73
4400,110,109,71
4401,109,109,62
4402,108,109,51
4403,107,109,51
4404,106,109,52
4405,105,109,51
4406,104,109,54
4407,103,109,64
4408,102,109,71
4409,101,109,77
4410,100,109,78
4411,99,109,79
4412,98,109,77
4413,97,109,80
4414,96,109,79
4415,95,109,79
4416,94,109,82
4417,93,109,82
4418,92,109,80
4419,91,109,81
4420,90,109,81
4421,89,109,79
4422,88,109,81
4423,87,109,80
4424,86,109,81
4425,85,109,82
4426,84,109,82
4427,83,109,80
4428,82,109,81
4429,81,109,82
4430,80,109,81
4431,79,109,82
4432,78,109,81
4433,77,109,78
4434,76,109,82
4435,75,109,79
4436,74,109,81
4437,73,109,82
4438,72,109,77
4439,71,109,79
4440,70,109,72
4441,69,109,75
4442,68,109,78
4443,67,109,85
4444,66,109,84
4445,65,109,85
4446,64,109,83
4447,63,109,82
4448,62,109,83
4449,61,109,86
4450,60,109,86
4451,59,109,86
4452,58,109,86
4453,57,109,85
4454,56,109,86
4455,55,110,85
4456,56,110,85
4457,57,110,85
4458,58,110,86
4459,59,110,86
4460,60,110,85
4461,61,110,86
4462,62,110,86
4463,63,110,86
4464,64,110,86
4465,65,110,84
4466,66,110,84
4467,67,110,83
4468,68,110,81
4469,69,110,81
4470,70,110,79
4471,71,110,81
4472,72,110,83
4473,73,110,83
4474,74,110,85
4475,75,110,81
4476,76,110,77
4477,77,110,75
4478,78,110,77
4479,79,110,78
4480,80,110,79
4481,81,110,75
4482,82,110,79
4483,83,110,81
4484,84,110,80
4485,85,110,81
4486,86,110,81
4487,87,110,81
4488,88,110,84
4489,89,110,81
4490,90,110,79
4491,91,110,78
4492,92,110,81
4493,93,110,77
4494,94,110,79
4495,95,110,82
4496,96,110,78
4497,97,110,82
4498,98,110,81
4499,99,110,81
4500,100,110,80
4501,101,110,79
4502,102,110,79
4503,103,110,79
4504,104,110,81
4505,105,110,82
4506,106,110,81
4507,107,110,80
4508,108,110,75
4509,109,110,84
4510,110,110,86
4511,111,110,84
4512,112,110,86
4513,113,110,80
4514,114,110,77
4515,115,110,75
4516,116,110,76
4517,117,110,75
4518,118,110,80
4519,119,110,80
4520,120,110,79
4521,121,110,79
4522,122,110,75
4523,123,110,81
4524,124,110,81
4525,125,110,80
4526,126,110,82
4527,127,110,80
4528,128,110,79
4529,129,110,79
4530,130,110,80
4531,131,110,78
4532,132,110,81
4533,133,110,76
4534,134,110,82
4535,135,110,76
4536,136,110,82
4537,137,110,79
4538,138,110,80
4539,139,110,80
4540,140,110,82
4541,141,110,82
4542,142,110,80
4543,143,110,85
4544,144,110,81
4545,145,111,83
4546,144,111,82
4547,143,111,86
4548,142,111,84
4549,141,111,86
4550,140,111,84
4551,139,111,86
4552,138,111,86
4553,137,111,84
4554,136,111,81
4555,135,111,81
4556,134,111,84
4557,133,111,83
4558,132,111,81
4559,131,111,83
4560,130,111,79
4561,129,111,78
4562,128,111,82
4563,127,111,82
4564,126,111,79
4565,125,111,81
4566,124,111,80
4567,123,111,79
4568,122,111,79
4569,121,111,79
4570,120,111,78
4571,119,111,78
4572,118,111,77
4573,117,111,80
4574,116,111,78
4575,115,111,83
4576,114,111,80
4577,113,111,78
4578,112,111,75
4579,111,111,79
4580,110,111,79
4581,109,111,79
4582,108,111,81
4583,107,111,82
4584,106,111,82
4585,105,111,83
4586,104,111,86
4587,103,111,82
4588,102,111,77
4589,101,111,77
4590,100,111,81
4591,99,111,78
4592,98,111,80
4593,97,111,82
4594,96,111,82
4595,95,111,80
4596,94,111,79
4597,93,111,78
4598,92,111,77
4599,91,111,81
4600,90,111,75
4601,89,111,80
4602,88,111,82
4603,87,111,82
4604,86,111,82
4605,85,111,81
4606,84,111,80
4607,83,111,80
4608,82,111,78
4609,81,111,80
4610,80,111,80
4611,79,111,77
4612,78,111,81
4613,77,111,77
4614,76,111,82
4615,75,111,80
4616,74,111,80
4617,73,111,78
4618,72,111,78
4619,71,111,74
4620,70,111,77
4621,69,111,75
4622,68,111,81
4623,67,111,83
4624,66,111,85
4625,65,111,82
4626,64,111,79
4627,63,111,81
4628,62,111,76
4629,61,111,80
4630,60,111,80
4631,59,111,82
4632,58,111,80
4633,57,111,82
4634,56,111,86
4635,55,112,86
4636,56,112,85
4637,57,112,86
4638,58,112,86
4639,59,112,86
4640,60,112,82
4641,61,112,78
4642,62,112,81
4643,63,112,80
4644,64,112,82
4645,65,112,80
4646,66,112,81
4647,67,112,80
4648,68,112,81
4649,69,112,81
4650,70,112,81
4651,71,112,80
4652,72,112,85
4653,73,112,85
4654,74,112,82
4655,75,112,82
4656,76,112,75
4657,77,112,73
4658,78,112,76
4659,79,112,80
4660,80,112,79
4661,81,112,78
4662,82,112,79
4663,83,112,83
4664,84,112,80
4665,85,112,81
4666,86,112,79
4667,87,112,75
4668,88,112,81
4669,89,112,77
4670,90,112,80
4671,91,112,81
4672,92,112,82
4673,93,112,81
4674,94,112,80
4675,95,112,81
4676,96,112,79
4677,97,112,80
4678,98,112,79
4679,99,112,80
4680,100,112,80
4681,101,112,81
4682,102,112,76
4683,103,112,82
4684,104,112,79
4685,105,112,80
4686,106,112,79
4687,107,112,81
4688,108,112,79
4689,109,112,80
4690,110,112,81
4691,111,112,80
4692,112,112,83
4693,113,112,81
4694,114,112,80
4695,115,112,78
4696,116,112,79
4697,117,112,81
4698,118,112,80
4699,119,112,81
4700,120,112,80
4701,121,112,82
4702,122,112,80
4703,123,112,81
4704,124,112,78
4705,125,112,80
4706,126,112,82
4707,127,112,79
4708,128,112,75
4709,129,112,81
4710,130,112,82
4711,131,112,82
4712,132,112,82
4713,133,112,81
4714,134,112,82
4715,135,112,79
4716,136,112,81
4717,137,112,80
4718,138,112,78
4719,139,112,81
4720,140,112,82
4721,141,112,79
4722,142,112,85
4723,143,112,86
4724,144,112,86
4725,145,113,86
4726,144,113,86
4727,143,113,86
4728,142,113,86
4729,141,113,85
4730,140,113,84
4731,139,113,86
4732,138,113,86
4733,137,113,86
4734,136,113,84
4735,135,113,85
4736,134,113,85
4737,133,113,86
4738,132,113,85
4739,131,113,81
4740,130,113,82
4741,129,113,79
4742,128,113,81
4743,127,113,79
4744,126,113,79
4745,125,113,82
4746,124,113,78
4747,123,113,68
4748,122,113,82
4749,121,113,81
4750,120,113,81
4751,119,113,80
4752,118,113,82
4753,117,113,80
4754,116,113,80
4755,115,113,81
4756,114,113,80
4757,113,113,79
4758,112,113,78
4759,111,113,82
4760,110,113,78
4761,109,113,81
4762,108,113,79
4763,107,113,80
4764,106,113,77
4765,105,113,79
4766,104,113,81
4767,103,113,79
4768,102,113,80
4769,101,113,80
4770,100,113,84
4771,99,113,77
4772,98,113,81
4773,97,113,78
4774,96,113,80
4775,95,113,80
4776,94,113,81
4777,93,113,81
4778,92,113,80
4779,91,113,81
4780,90,113,81
4781,89,113,81
4782,88,113,81
4783,87,113,81
4784,86,113,81
4785,85,113,80
4786,84,113,76
4787,83,113,77
4788,82,113,81
4789,81,113,81
4790,80,113,80
4791,79,113,78
4792,78,113,81
4793,77,113,78
4794,76,113,82
4795,75,113,76
4796,74,113,78
4797,73,113,77
4798,72,113,78
4799,71,113,71
4800,70,113,72
4801,69,113,75
4802,68,113,81
4803,67,113,83
4804,66,113,84
4805,65,113,81
4806,64,113,82
4807,63,113,80
4808,62,113,83
4809,61,113,82
4810,60,113,81
4811,59,113,81
4812,58,113,72
4813,57,113,78
4814,56,113,78
4815,55,114,80
4816,56,114,77
4817,57,114,78
4818,58,114,79
4819,59,114,81
4820,60,114,81
4821,61,114,79
4822,62,114,78
4823,63,114,79
4824,64,114,78
4825,65,114,79
4826,66,114,77
4827,67,114,79
4828,68,114,81
4829,69,114,79
4830,70,114,84
4831,71,114,84
4832,72,114,85
4833,73,114,85
4834,74,114,82
4835,75,114,78
4836,76,114,75
4837,77,114,76
4838,78,114,74
4839,79,114,74
4840,80,114,74
4841,81,114,78
4842,82,114,76
4843,83,114,78
4844,84,114,78
4845,85,114,79
4846,86,114,79
4847,87,114,82
4848,88,114,80
4849,89,114,80
4850,90,114,80
4851,91,114,81
4852,92,114,79
4853,93,114,77
4854,94,114,78
4855,95,114,81
4856,96,114,79
4857,97,114,81
4858,98,114,81
4859,99,114,81
4860,100,114,80
4861,101,114,80
4862,102,114,82
4863,103,114,78
4864,104,114,78
4865,105,114,78
4866,106,114,79
4867,107,114,82
4868,108,114,77
4869,109,114,81
4870,110,114,81
4871,111,114,77
4872,112,114,77
4873,113,114,79
4874,114,114,80
4875,115,114,80
4876,116,114,79
4877,117,114,81
4878,118,114,82
4879,119,114,80
4880,120,114,80
4881,121,114,75
4882,122,114,79
4883,123,114,78
4884,124,114,79
4885,125,114,80
4886,126,114,82
4887,127,114,81
4888,128,114,81
4889,129,114,77
4890,130,114,78
4891,131,114,77
4892,132,114,78
4893,133,114,77
4894,134,114,76
4895,135,114,82
4896,136,114,86
4897,137,114,86
4898,138,114,86
4899,139,114,86
4900,140,114,84
4901,141,114,86
4902,142,114,82
4903,143,114,81
4904,144,114,82
4905,145,115,82
4906,144,115,83
4907,143,115,84
4908,142,115,82
4909,141,115,83
4910,140,115,82
4911,139,115,80
4912,138,115,84
4913,137,115,81
4914,136,115,85
4915,135,115,82
4916,134,115,82
4917,133,115,82
4918,132,115,86
4919,131,115,86
4920,130,115,84
4921,129,115,86
4922,128,115,85
4923,127,115,85
4924,126,115,86
4925,125,115,83
4926,124,115,81
4927,123,115,79
4928,122,115,79
4929,121,115,79
4930,120,115,78
4931,119,115,79
4932,118,115,80
4933,117,115,76
4934,116,115,80
4935,115,115,81
4936,114,115,80
4937,113,115,81
4938,112,115,81
4939,111,115,81
4940,110,115,80
4941,109,115,78
4942,108,115,80
4943,107,115,79
4944,106,115,77
4945,105,115,80
4946,104,115,80
4947,103,115,82
4948,102,115,81
4949,101,115,79
4950,100,115,79
4951,99,115,79
4952,98,115,80
4953,97,115,80
4954,96,115,80
4955,95,115,82
4956,94,115,80
4957,93,115,78
4958,92,115,82
4959,91,115,76
4960,90,115,81
4961,89,115,80
4962,88,115,79
4963,87,115,79
4964,86,115,83
4965,85,115,81
4966,84,115,81
4967,83,115,78
4968,82,115,79
4969,81,115,81
4970,80,115,79
4971,79,115,78
4972,78,115,72
4973,77,115,80
4974,76,115,82
4975,75,115,79
4976,74,115,79
4977,73,115,78
4978,72,115,77
4979,71,115,74
4980,70,115,75
4981,69,115,76
4982,68,115,77
4983,67,115,78
4984,66,115,85
4985,65,115,80
4986,64,115,85
4987,63,115,81
4988,62,115,81
4989,61,115,77
4990,60,115,82
4991,59,115,78
4992,58,115,78
4993,57,115,82
4994,56,115,81
4995,55,116,79
4996,56,116,78
4997,57,116,78
4998,58,116,74
4999,59,116,80
5000,60,116,76
5001,61,116,77
5002,62,116,81
5003,63,116,79
5004,64,116,78
5005,65,116,78
5006,66,116,79
5007,67,116,81
5008,68,116,81
5009,69,116,80
5010,70,116,82
5011,71,116,80
5012,72,116,81
5013,73,116,76
5014,74,116,78
5015,75,116,76
5016,76,116,78
5017,77,116,75
5018,78,116,78
5019,79,116,79
5020,80,116,78
5021,81,116,80
5022,82,116,81
5023,83,116,81
5024,84,116,81
5025,85,116,80
5026,86,116,78
5027,87,116,81
5028,88,116,78
5029,89,116,81
5030,90,116,80
5031,91,116,78
5032,92,116,79
5033,93,116,81
5034,94,116,81
5035,95,116,80
5036,96,116,80
5037,97,116,81
5038,98,116,80
5039,99,116,79
5040,100,116,81
5041,101,116,76
5042,102,116,78
5043,103,116,79
5044,104,116,80
5045,105,116,81
5046,106,116,80
5047,107,116,80
5048,108,116,79
5049,109,116,80
5050,110,116,80
5051,111,116,80
5052,112,116,79
5053,113,116,81
5054,114,116,77
5055,115,116,80
5056,116,116,79
5057,117,116,80
5058,118,116,81
5059,119,116,77
5060,120,116,80
5061,121,116,78
5062,122,116,83
5063,123,116,80
5064,124,116,79
5065,125,116,78
5066,126,116,79
5067,127,116,76
5068,128,116,78
5069,129,116,83
5070,130,116,85
5071,131,116,86
5072,132,116,86
5073,133,116,86
5074,134,116,86
5075,135,116,85
5076,136,116,84
5077,137,116,82
5078,138,116,81
5079,139,116,77
5080,140,116,75
5081,141,116,80
5082,142,116,83
5083,143,116,82
5084,144,116,82
5085,145,117,81
5086,144,117,82
5087,143,117,77
5088,142,117,80
5089,141,117,81
5090,140,117,83
5091,139,117,79
5092,138,117,81
5093,137,117,77
5094,136,117,84
5095,135,117,80
5096,134,117,80
5097,133,117,79
5098,132,117,80
5099,131,117,81
5100,130,117,84
5101,129,117,81
5102,128,117,81
5103,127,117,82
5104,126,117,84
5105,125,117,85
5106,124,117,78
5107,123,117,86
5108,122,117,86
5109,121,117,85
5110,120,117,86
5111,119,117,86
5112,118,117,86
5113,117,117,86
5114,116,117,83
5115,115,117,79
5116,114,117,79
5117,113,117,75
5118,112,117,77
5119,111,117,75
5120,110,117,78
5121,109,117,80
5122,108,117,80
5123,107,117,80
5124,106,117,82
5125,105,117,79
5126,104,117,78
5127,103,117,79
5128,102,117,81
5129,101,117,80
5130,100,117,76
5131,99,117,80
5132,98,117,80
5133,97,117,81
5134,96,117,81
5135,95,117,81
5136,94,117,77
5137,93,117,77
5138,92,117,80
5139,91,117,78
5140,90,117,81
5141,89,117,81
5142,88,117,82
5143,87,117,81
5144,86,117,80
5145,85,117,74
5146,84,117,79
5147,83,117,81
5148,82,117,79
5149,81,117,79
5150,80,117,81
5151,79,117,81
5152,78,117,82
5153,77,117,82
5154,76,117,82
5155,75,117,78
5156,74,117,79
5157,73,117,78
5158,72,117,76
5159,71,117,80
5160,70,117,78
5161,69,117,79
5162,68,117,75
5163,67,117,75
5164,66,117,75
5165,65,117,79
5166,64,117,79
5167,63,117,83
5168,62,117,81
5169,61,117,81
5170,60,117,82
5171,59,117,77
5172,58,117,78
5173,57,117,79
5174,56,117,78
5175,55,118,77
5176,56,118,79
5177,57,118,77
5178,58,118,79
5179,59,118,77
5180,60,118,79
5181,61,118,79
5182,62,118,82
5183,63,118,81
5184,64,118,77
5185,65,118,81
5186,66,118,71
5187,67,118,80
5188,68,118,78
5189,69,118,81
5190,70,118,78
5191,71,118,79
5192,72,118,77
5193,73,118,78
5194,74,118,81
5195,75,118,79
5196,76,118,79
5197,77,118,79
5198,78,118,79
5199,79,118,78
5200,80,118,82
5201,81,118,79
5202,82,118,83
5203,83,118,80
5204,84,118,83
5205,85,118,80
5206,86,118,82
5207,87,118,80
5208,88,118,81
5209,89,118,83
5210,90,118,81
5211,91,118,81
5212,92,118,80
5213,93,118,81
5214,94,118,76
5215,95,118,79
5216,96,118,78
5217,97,118,82
5218,98,118,80
5219,99,118,82
5220,100,118,82
5221,101,118,80
5222,102,118,80
5223,103,118,79
5224,104,118,81
5225,105,118,80
5226,106,118,80
5227,107,118,74
5228,108,118,79
5229,109,118,81
5230,110,118,82
5231,111,118,80
5232,112,118,78
5233,113,118,77
5234,114,118,78
5235,115,118,77
5236,116,118,78
5237,117,118,83
5238,118,118,86
5239,119,118,86
5240,120,118,84
5241,121,118,86
5242,122,118,86
5243,123,118,86
5244,124,118,86
5245,125,118,85
5246,126,118,86
5247,127,118,84
5248,128,118,82
5249,129,118,82
5250,130,118,79
5251,131,118,79
5252,132,118,81
5253,133,118,74
5254,134,118,80
5255,135,118,79
5256,136,118,79
5257,137,118,78
5258,138,118,82
5259,139,118,82
5260,140,118,80
5261,141,118,82
5262,142,118,77
5263,143,118,79
5264,144,118,80
5265,145,119,81
5266,144,119,79
5267,143,119,82
5268,142,119,82
5269,141,119,79
5270,140,119,81
5271,139,119,80
5272,138,119,79
5273,137,119,80
5274,136,119,77
5275,135,119,78
5276,134,119,76
5277,133,119,84
5278,132,119,81
5279,131,119,78
5280,130,119,84
5281,129,119,86
5282,128,119,82
5283,127,119,84
5284,126,119,81
5285,125,119,80
5286,124,119,80
5287,123,119,81
5288,122,119,81
5289,121,119,80
5290,120,119,79
5291,119,119,80
5292,118,119,78
5293,117,119,81
5294,116,119,79
5295,115,119,81
5296,114,119,86
5297,113,119,85
5298,112,119,86
5299,111,119,86
5300,110,119,86
5301,109,119,78
5302,108,119,77
5303,107,119,77
5304,106,119,78
5305,105,119,81
5306,104,119,80
5307,103,119,80
5308,102,119,80
5309,101,119,82
5310,100,119,81
5311,99,119,81
5312,98,119,80
5313,97,119,78
5314,96,119,78
5315,95,119,79
5316,94,119,78
5317,93,119,81
5318,92,119,79
5319,91,119,81
5320,90,119,81
5321,89,119,78
5322,88,119,79
5323,87,119,77
5324,86,119,79
5325,85,119,80
5326,84,119,79
5327,83,119,82
5328,82,119,82
5329,81,119,84
5330,80,119,83
5331,79,119,77
5332,78,119,82
5333,77,119,81
5334,76,119,80
5335,75,119,80
5336,74,119,80
5337,73,119,82
5338,72,119,81
5339,71,119,78
5340,70,119,80
5341,69,119,78
5342,68,119,78
5343,67,119,78
5344,66,119,74
5345,65,119,74
5346,64,119,76
5347,63,119,76
5348,62,119,78
5349,61,119,81
5350,60,119,83
5351,59,119,80
5352,58,119,79
5353,57,119,78
5354,56,119,78
