,x,y,z
0,121,60,24
1,122,60,25
2,123,60,24
3,124,60,24
4,125,60,24
5,115,60,5
6,116,60,24
7,117,60,24
8,118,60,24
9,119,60,25
10,120,60,24
11,121,60,24
12,122,60,25
13,123,60,24
14,124,60,24
15,125,60,24
16,55,60,15
17,56,60,15
18,57,60,9
19,58,60,17
20,59,60,19
21,60,60,24
22,61,60,24
23,62,60,11
24,63,60,23
25,64,60,7
26,65,60,23
27,66,60,23
28,67,60,24
29,68,60,23
30,69,60,24
31,70,60,23
32,71,60,22
33,72,60,24
34,73,60,23
35,74,60,22
36,75,60,24
37,76,60,24
38,77,60,23
39,78,60,24
40,79,60,23
41,80,60,24
42,81,60,6
43,82,60,24
44,83,60,24
45,84,60,24
46,85,60,24
47,86,60,24
48,87,60,24
49,88,60,25
50,89,60,24
51,90,60,23
52,91,60,24
53,92,60,24
54,93,60,22
55,94,60,24
56,95,60,25
57,96,60,24
58,97,60,24
59,98,60,6
60,99,60,24
61,100,60,20
62,101,60,24
63,102,60,24
64,103,60,24
65,104,60,24
66,105,60,24
67,106,60,24
68,107,60,24
69,108,60,24
70,109,60,24
71,110,60,23
72,111,60,22
73,112,60,24
74,113,60,24
75,114,60,24
76,115,60,5
77,116,60,23
78,117,60,23
79,118,60,24
80,119,60,23
81,120,60,24
82,121,60,24
83,122,60,24
84,123,60,24
85,124,60,24
86,125,60,24
87,126,60,23
88,127,60,24
89,128,60,24
90,129,60,23
91,130,60,12
92,131,60,24
93,132,60,6
94,133,60,24
95,134,60,24
96,135,60,24
97,136,60,23
98,137,60,24
99,138,60,24
100,139,60,24
101,140,60,24
102,141,60,24
103,142,60,24
104,143,60,24
105,144,60,24
106,145,61,24
107,144,61,24
108,143,61,7
109,142,61,24
110,141,61,8
111,140,61,25
112,139,61,25
113,138,61,25
114,137,61,25
115,136,61,25
116,135,61,25
117,134,61,25
118,133,61,23
119,132,61,25
120,131,61,25
121,130,61,25
122,129,61,25
123,128,61,19
124,127,61,25
125,126,61,25
126,125,61,25
127,124,61,25
128,123,61,25
129,122,61,25
130,121,61,25
131,120,61,24
132,119,61,25
133,118,61,25
134,117,61,24
135,116,61,25
136,115,61,25
137,114,61,25
138,113,61,25
139,112,61,25
140,111,61,9
141,110,61,25
142,109,61,25
143,108,61,25
144,107,61,25
145,106,61,25
146,105,61,25
147,104,61,25
148,103,61,25
149,102,61,25
150,101,61,25
151,100,61,25
152,99,61,25
153,98,61,25
154,97,61,25
155,96,61,14
156,95,61,25
157,94,61,8
158,93,61,24
159,92,61,25
160,91,61,25
161,90,61,25
162,89,61,25
163,88,61,25
164,87,61,25
165,86,61,25
166,85,61,25
167,84,61,26
168,83,61,25
169,82,61,24
170,81,61,26
171,80,61,26
172,79,61,16
173,78,61,25
174,77,61,9
175,76,61,26
176,75,61,25
177,74,61,24
178,73,61,25
179,72,61,26
180,71,61,25
181,70,61,26
182,69,61,26
183,68,61,25
184,67,61,25
185,66,61,25
186,65,61,25
187,64,61,25
188,63,61,24
189,62,61,16
190,61,61,25
191,60,61,6
192,59,61,25
193,58,61,25
194,57,61,25
195,56,61,25
196,55,62,25
197,56,62,25
198,57,62,26
199,58,62,25
200,59,62,26
201,60,62,26
202,61,62,26
203,62,62,26
204,63,62,26
205,64,62,26
206,65,62,23
207,66,62,26
208,67,62,10
209,68,62,26
210,69,62,25
211,70,62,27
212,71,62,26
213,72,62,27
214,73,62,27
215,74,62,27
216,75,62,27
217,76,62,28
218,77,62,26
219,78,62,28
220,79,62,27
221,80,62,26
222,81,62,28
223,82,62,27
224,83,62,28
225,84,62,12
226,85,62,28
227,86,62,26
228,87,62,27
229,88,62,27
230,89,62,28
231,90,62,28
232,91,62,26
233,92,62,28
234,93,62,27
235,94,62,28
236,95,62,27
237,96,62,27
238,97,62,27
239,98,62,27
240,99,62,25
241,100,62,27
242,101,62,11
243,102,62,27
244,103,62,25
245,104,62,27
246,105,62,26
247,106,62,27
248,107,62,26
249,108,62,27
250,109,62,27
251,110,62,27
252,111,62,27
253,112,62,28
254,113,62,27
255,114,62,27
256,115,62,26
257,116,62,28
258,117,62,28
259,118,62,11
260,119,62,28
261,120,62,27
262,121,62,25
263,122,62,27
264,123,62,27
265,124,62,25
266,125,62,26
267,126,62,27
268,127,62,26
269,128,62,27
270,129,62,27
271,130,62,25
272,131,62,27
273,132,62,26
274,133,62,14
275,134,62,26
276,135,62,11
277,136,62,27
278,137,62,27
279,138,62,27
280,139,62,27
281,140,62,27
282,141,62,27
283,142,62,27
284,143,62,25
285,144,62,27
286,145,63,27
287,144,63,26
288,143,63,28
289,142,63,28
290,141,63,26
291,140,63,28
292,139,63,28
293,138,63,28
294,137,63,28
295,136,63,28
296,135,63,28
297,134,63,28
298,133,63,28
299,132,63,28
300,131,63,28
301,130,63,28
302,129,63,28
303,128,63,27
304,127,63,28
305,126,63,28
306,125,63,25
307,124,63,28
308,123,63,28
309,122,63,27
310,121,63,28
311,120,63,28
312,119,63,27
313,118,63,28
314,117,63,28
315,116,63,28
316,115,63,29
317,114,63,29
318,113,63,29
319,112,63,29
320,111,63,29
321,110,63,28
322,109,63,27
323,108,63,29
324,107,63,29
325,106,63,29
326,105,63,28
327,104,63,29
328,103,63,28
329,102,63,29
330,101,63,29
331,100,63,28
332,99,63,28
333,98,63,28
334,97,63,28
335,96,63,29
336,95,63,29
337,94,63,29
338,93,63,15
339,92,63,29
340,91,63,16
341,90,63,29
342,89,63,28
343,88,63,29
344,87,63,29
345,86,63,28
346,85,63,29
347,84,63,29
348,83,63,28
349,82,63,29
350,81,63,29
351,80,63,30
352,79,63,30
353,78,63,29
354,77,63,29
355,76,63,17
356,75,63,30
357,74,63,15
358,73,63,30
359,72,63,29
360,71,63,30
361,70,63,30
362,69,63,30
363,68,63,30
364,67,63,29
365,66,63,29
366,65,63,28
367,64,63,27
368,63,63,28
369,62,63,28
370,61,63,28
371,60,63,28
372,59,63,13
373,58,63,28
374,57,63,13
375,56,63,28
376,55,64,28
377,56,64,28
378,57,64,29
379,58,64,30
380,59,64,30
381,60,64,30
382,61,64,29
383,62,64,29
384,63,64,30
385,64,64,30
386,65,64,28
387,66,64,30
388,67,64,30
389,68,64,21
390,69,64,30
391,70,64,15
392,71,64,31
393,72,64,31
394,73,64,32
395,74,64,32
396,75,64,32
397,76,64,32
398,77,64,32
399,78,64,32
400,79,64,32
401,80,64,31
402,81,64,31
403,82,64,32
404,83,64,31
405,84,64,31
406,85,64,32
407,86,64,31
408,87,64,14
409,88,64,31
410,89,64,30
411,90,64,31
412,91,64,31
413,92,64,31
414,93,64,31
415,94,64,31
416,95,64,30
417,96,64,31
418,97,64,31
419,98,64,31
420,99,64,31
421,100,64,30
422,101,64,29
423,102,64,31
424,103,64,31
425,104,64,15
426,105,64,31
427,106,64,30
428,107,64,30
429,108,64,31
430,109,64,31
431,110,64,31
432,111,64,31
433,112,64,31
434,113,64,31
435,114,64,32
436,115,64,32
437,116,64,32
438,117,64,32
439,118,64,32
440,119,64,25
441,120,64,32
442,121,64,17
443,122,64,30
444,123,64,29
445,124,64,29
446,125,64,29
447,126,64,30
448,127,64,30
449,128,64,30
450,129,64,30
451,130,64,31
452,131,64,31
453,132,64,30
454,133,64,31
455,134,64,31
456,135,64,30
457,136,64,16
458,137,64,31
459,138,64,24
460,139,64,30
461,140,64,31
462,141,64,31
463,142,64,30
464,143,64,31
465,144,64,31
466,145,65,30
467,144,65,32
468,143,65,32
469,142,65,30
470,141,65,32
471,140,65,32
472,139,65,30
473,138,65,32
474,137,65,33
475,136,65,32
476,135,65,32
477,134,65,32
478,133,65,32
479,132,65,32
480,131,65,32
481,130,65,32
482,129,65,32
483,128,65,32
484,127,65,32
485,126,65,32
486,125,65,32
487,124,65,32
488,123,65,32
489,122,65,18
490,121,65,32
491,120,65,31
492,119,65,30
493,118,65,30
494,117,65,30
495,116,65,33
496,115,65,34
497,114,65,35
498,113,65,35
499,112,65,34
500,111,65,33
501,110,65,33
502,109,65,32
503,108,65,32
504,107,65,32
505,106,65,32
506,105,65,25
507,104,65,32
508,103,65,32
509,102,65,32
510,101,65,32
511,100,65,32
512,99,65,31
513,98,65,31
514,97,65,31
515,96,65,31
516,95,65,30
517,94,65,31
518,93,65,30
519,92,65,29
520,91,65,31
521,90,65,16
522,89,65,30
523,88,65,30
524,87,65,31
525,86,65,31
526,85,65,31
527,84,65,31
528,83,65,31
529,82,65,31
530,81,65,29
531,80,65,31
532,79,65,32
533,78,65,32
534,77,65,31
535,76,65,32
536,75,65,32
537,74,65,32
538,73,65,16
539,72,65,32
540,71,65,31
541,70,65,31
542,69,65,35
543,68,65,35
544,67,65,35
545,66,65,35
546,65,65,34
547,64,65,34
548,63,65,33
549,62,65,32
550,61,65,33
551,60,65,33
552,59,65,33
553,58,65,32
554,57,65,32
555,56,65,18
556,55,66,32
557,56,66,31
558,57,66,32
559,58,66,35
560,59,66,34
561,60,66,35
562,61,66,34
563,62,66,33
564,63,66,35
565,64,66,35
566,65,66,36
567,66,66,35
568,67,66,35
569,68,66,36
570,69,66,36
571,70,66,36
572,71,66,23
573,72,66,35
574,73,66,30
575,74,66,35
576,75,66,35
577,76,66,35
578,77,66,32
579,78,66,32
580,79,66,32
581,80,66,32
582,81,66,30
583,82,66,31
584,83,66,31
585,84,66,30
586,85,66,31
587,86,66,31
588,87,66,32
589,88,66,22
590,89,66,31
591,90,66,17
592,91,66,31
593,92,66,31
594,93,66,30
595,94,66,31
596,95,66,31
597,96,66,31
598,97,66,31
599,98,66,31
600,99,66,31
601,100,66,30
602,101,66,31
603,102,66,31
604,103,66,30
605,104,66,32
606,105,66,24
607,106,66,31
608,107,66,17
609,108,66,32
610,109,66,32
611,110,66,33
612,111,66,32
613,112,66,32
614,113,66,31
615,114,66,32
616,115,66,33
617,116,66,32
618,117,66,36
619,118,66,37
620,119,66,36
621,120,66,35
622,121,66,29
623,122,66,13
624,123,66,30
625,124,66,26
626,125,66,33
627,126,66,34
628,127,66,34
629,128,66,34
630,129,66,35
631,130,66,35
632,131,66,34
633,132,66,35
634,133,66,35
635,134,66,34
636,135,66,36
637,136,66,35
638,137,66,36
639,138,66,36
640,139,66,21
641,140,66,35
642,141,66,33
643,142,66,35
644,143,66,35
645,144,66,34
646,145,67,36
647,144,67,38
648,143,67,35
649,142,67,37
650,141,67,37
651,140,67,37
652,139,67,37
653,138,67,37
654,137,67,36
655,136,67,37
656,135,67,37
657,134,67,36
658,133,67,37
659,132,67,37
660,131,67,36
661,130,67,36
662,129,67,37
663,128,67,37
664,127,67,35
665,126,67,37
666,125,67,36
667,124,67,36
668,123,67,37
669,122,67,37
670,121,67,36
671,120,67,36
672,119,67,18
673,118,67,31
674,117,67,27
675,116,67,31
676,115,67,34
677,114,67,34
678,113,67,37
679,112,67,37
680,111,67,33
681,110,67,35
682,109,67,32
683,108,67,32
684,107,67,32
685,106,67,32
686,105,67,31
687,104,67,16
688,103,67,31
689,102,67,31
690,101,67,29
691,100,67,30
692,99,67,30
693,98,67,31
694,97,67,30
695,96,67,29
696,95,67,30
697,94,67,30
698,93,67,28
699,92,67,30
700,91,67,30
701,90,67,29
702,89,67,29
703,88,67,30
704,87,67,15
705,86,67,30
706,85,67,30
707,84,67,30
708,83,67,30
709,82,67,29
710,81,67,30
711,80,67,30
712,79,67,29
713,78,67,31
714,77,67,31
715,76,67,32
716,75,67,31
717,74,67,31
718,73,67,31
719,72,67,30
720,71,67,30
721,70,67,18
722,69,67,34
723,68,67,37
724,67,67,37
725,66,67,36
726,65,67,36
727,64,67,36
728,63,67,36
729,62,67,36
730,61,67,36
731,60,67,34
732,59,67,36
733,58,67,37
734,57,67,36
735,56,67,38
736,55,68,36
737,56,68,39
738,57,68,39
739,58,68,39
740,59,68,39
741,60,68,38
742,61,68,35
743,62,68,38
744,63,68,38
745,64,68,36
746,65,68,38
747,66,68,38
748,67,68,37
749,68,68,38
750,69,68,37
751,70,68,38
752,71,68,38
753,72,68,38
754,73,68,41
755,74,68,27
756,75,68,36
757,76,68,33
758,77,68,32
759,78,68,32
760,79,68,31
761,80,68,30
762,81,68,31
763,82,68,31
764,83,68,29
765,84,68,30
766,85,68,30
767,86,68,30
768,87,68,30
769,88,68,29
770,89,68,30
771,90,68,30
772,91,68,15
773,92,68,29
774,93,68,24
775,94,68,28
776,95,68,30
777,96,68,29
778,97,68,30
779,98,68,29
780,99,68,29
781,100,68,30
782,101,68,29
783,102,68,29
784,103,68,30
785,104,68,30
786,105,68,30
787,106,68,30
788,107,68,30
789,108,68,16
790,109,68,29
791,110,68,28
792,111,68,31
793,112,68,29
794,113,68,32
795,114,68,32
796,115,68,30
797,116,68,34
798,117,68,35
799,118,68,36
800,119,68,37
801,120,68,34
802,121,68,27
803,122,68,28
804,123,68,31
805,124,68,31
806,125,68,21
807,126,68,38
808,127,68,38
809,128,68,39
810,129,68,39
811,130,68,39
812,131,68,40
813,132,68,39
814,133,68,39
815,134,68,38
816,135,68,39
817,136,68,39
818,137,68,37
819,138,68,39
820,139,68,38
821,140,68,27
822,141,68,40
823,142,68,26
824,143,68,38
825,144,68,37
826,145,69,40
827,144,69,40
828,143,69,42
829,142,69,42
830,141,69,42
831,140,69,42
832,139,69,42
833,138,69,42
834,137,69,42
835,136,69,42
836,135,69,42
837,134,69,41
838,133,69,42
839,132,69,42
840,131,69,40
841,130,69,42
842,129,69,42
843,128,69,41
844,127,69,42
845,126,69,42
846,125,69,42
847,124,69,42
848,123,69,42
849,122,69,42
850,121,69,43
851,120,69,38
852,119,69,28
853,118,69,14
854,117,69,29
855,116,69,29
856,115,69,31
857,114,69,35
858,113,69,36
859,112,69,34
860,111,69,34
861,110,69,33
862,109,69,31
863,108,69,31
864,107,69,31
865,106,69,30
866,105,69,31
867,104,69,30
868,103,69,25
869,102,69,30
870,101,69,16
871,100,69,29
872,99,69,27
873,98,69,29
874,97,69,29
875,96,69,29
876,95,69,29
877,94,69,29
878,93,69,29
879,92,69,29
880,91,69,27
881,90,69,29
882,89,69,29
883,88,69,29
884,87,69,30
885,86,69,21
886,85,69,30
887,84,69,14
888,83,69,28
889,82,69,28
890,81,69,29
891,80,69,27
892,79,69,29
893,78,69,30
894,77,69,30
895,76,69,30
896,75,69,30
897,74,69,30
898,73,69,30
899,72,69,30
900,71,69,31
901,70,69,31
902,69,69,21
903,68,69,40
904,67,69,32
905,66,69,45
906,65,69,44
907,64,69,43
908,63,69,43
909,62,69,42
910,61,69,41
911,60,69,42
912,59,69,42
913,58,69,39
914,57,69,40
915,56,69,39
916,55,70,39
917,56,70,39
918,57,70,40
919,58,70,35
920,59,70,42
921,60,70,25
922,61,70,40
923,62,70,40
924,63,70,40
925,64,70,40
926,65,70,41
927,66,70,42
928,67,70,43
929,68,70,44
930,69,70,44
931,70,70,45
932,71,70,44
933,72,70,46
934,73,70,46
935,74,70,43
936,75,70,37
937,76,70,33
938,77,70,16
939,78,70,31
940,79,70,29
941,80,70,30
942,81,70,30
943,82,70,28
944,83,70,30
945,84,70,30
946,85,70,29
947,86,70,29
948,87,70,28
949,88,70,28
950,89,70,28
951,90,70,19
952,91,70,32
953,92,70,32
954,93,70,30
955,94,70,16
956,95,70,30
957,96,70,28
958,97,70,30
959,98,70,29
960,99,70,29
961,100,70,29
962,101,70,28
963,102,70,28
964,103,70,29
965,104,70,29
966,105,70,29
967,106,70,29
968,107,70,29
969,108,70,30
970,109,70,29
971,110,70,30
972,111,70,15
973,112,70,30
974,113,70,30
975,114,70,31
976,115,70,32
977,116,70,32
978,117,70,32
979,118,70,36
980,119,70,36
981,120,70,33
982,121,70,27
983,122,70,28
984,123,70,29
985,124,70,29
986,125,70,35
987,126,70,33
988,127,70,45
989,128,70,32
990,129,70,44
991,130,70,44
992,131,70,44
993,132,70,44
994,133,70,44
995,134,70,44
996,135,70,45
997,136,70,43
998,137,70,44
999,138,70,44
1000,139,70,42
1001,140,70,44
1002,141,70,44
1003,142,70,43
1004,143,70,32
1005,144,70,44
1006,145,71,32
1007,144,71,45
1008,143,71,48
1009,142,71,46
1010,141,71,46
1011,140,71,46
1012,139,71,46
1013,138,71,46
1014,137,71,46
1015,136,71,47
1016,135,71,46
1017,134,71,46
1018,133,71,46
1019,132,71,39
1020,131,71,46
1021,130,71,35
1022,129,71,46
1023,128,71,46
1024,127,71,46
1025,126,71,46
1026,125,71,47
1027,124,71,46
1028,123,71,46
1029,122,71,47
1030,121,71,46
1031,120,71,42
1032,119,71,27
1033,118,71,29
1034,117,71,29
1035,116,71,28
1036,115,71,14
1037,114,71,34
1038,113,71,34
1039,112,71,34
1040,111,71,32
1041,110,71,31
1042,109,71,31
1043,108,71,30
1044,107,71,29
1045,106,71,30
1046,105,71,29
1047,104,71,29
1048,103,71,29
1049,102,71,29
1050,101,71,29
1051,100,71,15
1052,99,71,29
1053,98,71,23
1054,97,71,29
1055,96,71,30
1056,95,71,29
1057,94,71,30
1058,93,71,30
1059,92,71,29
1060,91,71,32
1061,90,71,33
1062,89,71,33
1063,88,71,36
1064,87,71,39
1065,86,71,40
1066,85,71,41
1067,84,71,35
1068,83,71,15
1069,82,71,25
1070,81,71,23
1071,80,71,28
1072,79,71,28
1073,78,71,28
1074,77,71,29
1075,76,71,29
1076,75,71,29
1077,74,71,30
1078,73,71,24
1079,72,71,30
1080,71,71,31
1081,70,71,29
1082,69,71,32
1083,68,71,42
1084,67,71,49
1085,66,71,38
1086,65,71,50
1087,64,71,44
1088,63,71,47
1089,62,71,46
1090,61,71,45
1091,60,71,45
1092,59,71,42
1093,58,71,41
1094,57,71,42
1095,56,71,44
1096,55,72,44
1097,56,72,46
1098,57,72,47
1099,58,72,48
1100,59,72,47
1101,60,72,47
1102,61,72,35
1103,62,72,47
1104,63,72,32
1105,64,72,43
1106,65,72,43
1107,66,72,44
1108,67,72,48
1109,68,72,49
1110,69,72,49
1111,70,72,50
1112,71,72,52
1113,72,72,52
1114,73,72,53
1115,74,72,42
1116,75,72,35
1117,76,72,32
1118,77,72,31
1119,78,72,23
1120,79,72,29
1121,80,72,14
1122,81,72,28
1123,82,72,29
1124,83,72,29
1125,84,72,29
1126,85,72,28
1127,86,72,28
1128,87,72,27
1129,88,72,25
1130,89,72,24
1131,90,72,39
1132,91,72,47
1133,92,72,49
1134,93,72,50
1135,94,72,49
1136,95,72,49
1137,96,72,46
1138,97,72,31
1139,98,72,43
1140,99,72,37
1141,100,72,35
1142,101,72,35
1143,102,72,32
1144,103,72,31
1145,104,72,30
1146,105,72,30
1147,106,72,29
1148,107,72,30
1149,108,72,29
1150,109,72,28
1151,110,72,30
1152,111,72,29
1153,112,72,24
1154,113,72,29
1155,114,72,15
1156,115,72,31
1157,116,72,30
1158,117,72,32
1159,118,72,34
1160,119,72,32
1161,120,72,33
1162,121,72,26
1163,122,72,26
1164,123,72,29
1165,124,72,32
1166,125,72,41
1167,126,72,50
1168,127,72,52
1169,128,72,52
1170,129,72,41
1171,130,72,50
1172,131,72,45
1173,132,72,51
1174,133,72,51
1175,134,72,51
1176,135,72,52
1177,136,72,51
1178,137,72,51
1179,138,72,50
1180,139,72,50
1181,140,72,52
1182,141,72,50
1183,142,72,52
1184,143,72,51
1185,144,72,49
1186,145,73,51
1187,144,73,39
1188,143,73,51
1189,142,73,52
1190,141,73,51
1191,140,73,52
1192,139,73,52
1193,138,73,52
1194,137,73,52
1195,136,73,53
1196,135,73,53
1197,134,73,52
1198,133,73,51
1199,132,73,52
1200,131,73,52
1201,130,73,51
1202,129,73,42
1203,128,73,53
1204,127,73,50
1205,126,73,52
1206,125,73,53
1207,124,73,52
1208,123,73,53
1209,122,73,53
1210,121,73,52
1211,120,73,52
1212,119,73,39
1213,118,73,29
1214,117,73,27
1215,116,73,26
1216,115,73,32
1217,114,73,32
1218,113,73,34
1219,112,73,18
1220,111,73,32
1221,110,73,32
1222,109,73,30
1223,108,73,29
1224,107,73,30
1225,106,73,29
1226,105,73,29
1227,104,73,31
1228,103,73,31
1229,102,73,32
1230,101,73,31
1231,100,73,35
1232,99,73,37
1233,98,73,40
1234,97,73,31
1235,96,73,49
1236,95,73,50
1237,94,73,52
1238,93,73,52
1239,92,73,53
1240,91,73,53
1241,90,73,52
1242,89,73,53
1243,88,73,53
1244,87,73,53
1245,86,73,53
1246,85,73,52
1247,84,73,45
1248,83,73,35
1249,82,73,25
1250,81,73,25
1251,80,73,11
1252,79,73,27
1253,78,73,27
1254,77,73,28
1255,76,73,27
1256,75,73,29
1257,74,73,28
1258,73,73,30
1259,72,73,29
1260,71,73,29
1261,70,73,30
1262,69,73,31
1263,68,73,42
1264,67,73,52
1265,66,73,57
1266,65,73,56
1267,64,73,55
1268,63,73,44
1269,62,73,53
1270,61,73,52
1271,60,73,52
1272,59,73,51
1273,58,73,47
1274,57,73,46
1275,56,73,47
1276,55,74,50
1277,56,74,51
1278,57,74,53
1279,58,74,53
1280,59,74,54
1281,60,74,54
1282,61,74,53
1283,62,74,51
1284,63,74,47
1285,64,74,36
1286,65,74,50
1287,66,74,52
1288,67,74,54
1289,68,74,54
1290,69,74,56
1291,70,74,56
1292,71,74,57
1293,72,74,58
1294,73,74,59
1295,74,74,47
1296,75,74,38
1297,76,74,33
1298,77,74,30
1299,78,74,28
1300,79,74,29
1301,80,74,29
1302,81,74,14
1303,82,74,28
1304,83,74,23
1305,84,74,28
1306,85,74,27
1307,86,74,27
1308,87,74,25
1309,88,74,23
1310,89,74,25
1311,90,74,52
1312,91,74,53
1313,92,74,56
1314,93,74,55
1315,94,74,55
1316,95,74,55
1317,96,74,55
1318,97,74,56
1319,98,74,50
1320,99,74,55
1321,100,74,44
1322,101,74,55
1323,102,74,54
1324,103,74,54
1325,104,74,50
1326,105,74,43
1327,106,74,40
1328,107,74,38
1329,108,74,37
1330,109,74,34
1331,110,74,31
1332,111,74,29
1333,112,74,29
1334,113,74,30
1335,114,74,29
1336,115,74,16
1337,116,74,32
1338,117,74,25
1339,118,74,34
1340,119,74,35
1341,120,74,32
1342,121,74,26
1343,122,74,26
1344,123,74,29
1345,124,74,34
1346,125,74,46
1347,126,74,54
1348,127,74,53
1349,128,74,52
1350,129,74,54
1351,130,74,55
1352,131,74,54
1353,132,74,43
1354,133,74,55
1355,134,74,55
1356,135,74,55
1357,136,74,54
1358,137,74,54
1359,138,74,56
1360,139,74,54
1361,140,74,54
1362,141,74,55
1363,142,74,54
1364,143,74,54
1365,144,74,54
1366,145,75,53
1367,144,75,54
1368,143,75,44
1369,142,75,54
1370,141,75,43
1371,140,75,52
1372,139,75,54
1373,138,75,55
1374,137,75,55
1375,136,75,55
1376,135,75,55
1377,134,75,54
1378,133,75,55
1379,132,75,54
1380,131,75,53
1381,130,75,56
1382,129,75,55
1383,128,75,55
1384,127,75,53
1385,126,75,45
1386,125,75,57
1387,124,75,54
1388,123,75,55
1389,122,75,55
1390,121,75,53
1391,120,75,44
1392,119,75,28
1393,118,75,26
1394,117,75,28
1395,116,75,25
1396,115,75,32
1397,114,75,32
1398,113,75,34
1399,112,75,32
1400,111,75,15
1401,110,75,30
1402,109,75,29
1403,108,75,26
1404,107,75,29
1405,106,75,30
1406,105,75,33
1407,104,75,39
1408,103,75,56
1409,102,75,59
1410,101,75,59
1411,100,75,57
1412,99,75,57
1413,98,75,58
1414,97,75,59
1415,96,75,59
1416,95,75,61
1417,94,75,52
1418,93,75,57
1419,92,75,60
1420,91,75,57
1421,90,75,55
1422,89,75,57
1423,88,75,57
1424,87,75,57
1425,86,75,60
1426,85,75,59
1427,84,75,54
1428,83,75,46
1429,82,75,29
1430,81,75,22
1431,80,75,25
1432,79,75,19
1433,78,75,27
1434,77,75,12
1435,76,75,28
1436,75,75,28
1437,74,75,28
1438,73,75,29
1439,72,75,29
1440,71,75,29
1441,70,75,30
1442,69,75,32
1443,68,75,49
1444,67,75,63
1445,66,75,66
1446,65,75,62
1447,64,75,61
1448,63,75,58
1449,62,75,54
1450,61,75,58
1451,60,75,46
1452,59,75,55
1453,58,75,53
1454,57,75,48
1455,56,75,49
1456,55,76,52
1457,56,76,54
1458,57,76,54
1459,58,76,54
1460,59,76,54
1461,60,76,54
1462,61,76,54
1463,62,76,53
1464,63,76,53
1465,64,76,56
1466,65,76,56
1467,66,76,58
1468,67,76,51
1469,68,76,60
1470,69,76,59
1471,70,76,60
1472,71,76,64
1473,72,76,65
1474,73,76,68
1475,74,76,58
1476,75,76,41
1477,76,76,35
1478,77,76,30
1479,78,76,27
1480,79,76,29
1481,80,76,28
1482,81,76,29
1483,82,76,28
1484,83,76,28
1485,84,76,12
1486,85,76,27
1487,86,76,25
1488,87,76,22
1489,88,76,20
1490,89,76,28
1491,90,76,55
1492,91,76,60
1493,92,76,59
1494,93,76,61
1495,94,76,58
1496,95,76,59
1497,96,76,59
1498,97,76,58
1499,98,76,60
1500,99,76,63
1501,100,76,65
1502,101,76,56
1503,102,76,60
1504,103,76,56
1505,104,76,57
1506,105,76,61
1507,106,76,63
1508,107,76,65
1509,108,76,64
1510,109,76,39
1511,110,76,31
1512,111,76,30
1513,112,76,29
1514,113,76,27
1515,114,76,29
1516,115,76,30
1517,116,76,30
1518,117,76,32
1519,118,76,19
1520,119,76,33
1521,120,76,32
1522,121,76,25
1523,122,76,26
1524,123,76,28
1525,124,76,25
1526,125,76,35
1527,126,76,53
1528,127,76,59
1529,128,76,59
1530,129,76,63
1531,130,76,60
1532,131,76,59
1533,132,76,61
1534,133,76,53
1535,134,76,59
1536,135,76,50
1537,136,76,58
1538,137,76,55
1539,138,76,56
1540,139,76,59
1541,140,76,61
1542,141,76,57
1543,142,76,59
1544,143,76,57
1545,144,76,58
1546,145,77,58
1547,144,77,59
1548,143,77,60
1549,142,77,61
1550,141,77,63
1551,140,77,54
1552,139,77,61
1553,138,77,62
1554,137,77,62
1555,136,77,60
1556,135,77,61
1557,134,77,62
1558,133,77,62
1559,132,77,61
1560,131,77,63
1561,130,77,63
1562,129,77,64
1563,128,77,65
1564,127,77,65
1565,126,77,65
1566,125,77,67
1567,124,77,66
1568,123,77,60
1569,122,77,66
1570,121,77,59
1571,120,77,41
1572,119,77,23
1573,118,77,27
1574,117,77,26
1575,116,77,25
1576,115,77,31
1577,114,77,33
1578,113,77,34
1579,112,77,32
1580,111,77,31
1581,110,77,27
1582,109,77,29
1583,108,77,13
1584,107,77,27
1585,106,77,30
1586,105,77,34
1587,104,77,41
1588,103,77,70
1589,102,77,71
1590,101,77,67
1591,100,77,61
1592,99,77,60
1593,98,77,60
1594,97,77,61
1595,96,77,61
1596,95,77,62
1597,94,77,66
1598,93,77,58
1599,92,77,64
1600,91,77,55
1601,90,77,60
1602,89,77,60
1603,88,77,57
1604,87,77,59
1605,86,77,63
1606,85,77,62
1607,84,77,59
1608,83,77,53
1609,82,77,34
1610,81,77,20
1611,80,77,22
1612,79,77,25
1613,78,77,26
1614,77,77,28
1615,76,77,12
1616,75,77,28
1617,74,77,21
1618,73,77,27
1619,72,77,29
1620,71,77,29
1621,70,77,29
1622,69,77,35
1623,68,77,56
1624,67,77,69
1625,66,77,74
1626,65,77,67
1627,64,77,66
1628,63,77,65
1629,62,77,64
1630,61,77,62
1631,60,77,61
1632,59,77,52
1633,58,77,60
1634,57,77,53
1635,56,77,56
1636,55,78,55
1637,56,78,55
1638,57,78,57
1639,58,78,54
1640,59,78,54
1641,60,78,54
1642,61,78,57
1643,62,78,58
1644,63,78,60
1645,64,78,61
1646,65,78,64
1647,66,78,63
1648,67,78,64
1649,68,78,62
1650,69,78,66
1651,70,78,60
1652,71,78,70
1653,72,78,73
1654,73,78,74
1655,74,78,63
1656,75,78,44
1657,76,78,34
1658,77,78,30
1659,78,78,29
1660,79,78,29
1661,80,78,28
1662,81,78,27
1663,82,78,28
1664,83,78,27
1665,84,78,25
1666,85,78,25
1667,86,78,25
1668,87,78,-3
1669,88,78,21
1670,89,78,35
1671,90,78,60
1672,91,78,65
1673,92,78,60
1674,93,78,60
1675,94,78,69
1676,95,78,77
1677,96,78,75
1678,97,78,74
1679,98,78,76
1680,99,78,68
1681,100,78,65
1682,101,78,61
1683,102,78,67
1684,103,78,65
1685,104,78,59
1686,105,78,73
1687,106,78,74
1688,107,78,74
1689,108,78,68
1690,109,78,40
1691,110,78,33
1692,111,78,30
1693,112,78,28
1694,113,78,28
1695,114,78,28
1696,115,78,29
1697,116,78,30
1698,117,78,31
1699,118,78,33
1700,119,78,25
1701,120,78,29
1702,121,78,9
1703,122,78,26
1704,123,78,25
1705,124,78,22
1706,125,78,38
1707,126,78,62
1708,127,78,69
1709,128,78,69
1710,129,78,70
1711,130,78,70
1712,131,78,67
1713,132,78,67
1714,133,78,68
1715,134,78,66
1716,135,78,67
1717,136,78,59
1718,137,78,62
1719,138,78,55
1720,139,78,64
1721,140,78,63
1722,141,78,62
1723,142,78,63
1724,143,78,64
1725,144,78,64
1726,145,79,62
1727,144,79,65
1728,143,79,66
1729,142,79,64
1730,141,79,65
1731,140,79,65
1732,139,79,64
1733,138,79,64
1734,137,79,66
1735,136,79,66
1736,135,79,67
1737,134,79,67
1738,133,79,66
1739,132,79,69
1740,131,79,65
1741,130,79,66
1742,129,79,66
1743,128,79,67
1744,127,79,67
1745,126,79,68
1746,125,79,69
1747,124,79,70
1748,123,79,69
1749,122,79,64
1750,121,79,70
1751,120,79,71
1752,119,79,63
1753,118,79,21
1754,117,79,26
1755,116,79,25
1756,115,79,31
1757,114,79,33
1758,113,79,32
1759,112,79,32
1760,111,79,31
1761,110,79,30
1762,109,79,29
1763,108,79,29
1764,107,79,16
1765,106,79,28
1766,105,79,22
1767,104,79,32
1768,103,79,57
1769,102,79,73
1770,101,79,80
1771,100,79,80
1772,99,79,73
1773,98,79,70
1774,97,79,69
1775,96,79,70
1776,95,79,75
1777,94,79,73
1778,93,79,76
1779,92,79,74
1780,91,79,75
1781,90,79,68
1782,89,79,73
1783,88,79,70
1784,87,79,67
1785,86,79,67
1786,85,79,68
1787,84,79,64
1788,83,79,62
1789,82,79,47
1790,81,79,25
1791,80,79,19
1792,79,79,23
1793,78,79,25
1794,77,79,27
1795,76,79,27
1796,75,79,26
1797,74,79,28
1798,73,79,12
1799,72,79,26
1800,71,79,27
1801,70,79,30
1802,69,79,33
1803,68,79,55
1804,67,79,70
1805,66,79,76
1806,65,79,78
1807,64,79,76
1808,63,79,75
1809,62,79,72
1810,61,79,69
1811,60,79,72
1812,59,79,73
1813,58,79,75
1814,57,79,77
1815,56,79,71
1816,55,80,79
1817,56,80,74
1818,57,80,73
1819,58,80,67
1820,59,80,69
1821,60,80,83
1822,61,80,86
1823,62,80,86
1824,63,80,85
1825,64,80,86
1826,65,80,79
1827,66,80,77
1828,67,80,76
1829,68,80,74
1830,69,80,75
1831,70,80,79
1832,71,80,79
1833,72,80,86
1834,73,80,82
1835,74,80,66
1836,75,80,45
1837,76,80,35
1838,77,80,29
1839,78,80,29
1840,79,80,28
1841,80,80,28
1842,81,80,28
1843,82,80,27
1844,83,80,27
1845,84,80,26
1846,85,80,25
1847,86,80,21
1848,87,80,18
1849,88,80,16
1850,89,80,51
1851,90,80,58
1852,91,80,68
1853,92,80,66
1854,93,80,67
1855,94,80,69
1856,95,80,68
1857,96,80,71
1858,97,80,72
1859,98,80,74
1860,99,80,71
1861,100,80,70
1862,101,80,74
1863,102,80,74
1864,103,80,77
1865,104,80,77
1866,105,80,82
1867,106,80,84
1868,107,80,74
1869,108,80,69
1870,109,80,39
1871,110,80,32
1872,111,80,29
1873,112,80,27
1874,113,80,29
1875,114,80,28
1876,115,80,28
1877,116,80,30
1878,117,80,31
1879,118,80,32
1880,119,80,33
1881,120,80,32
1882,121,80,25
1883,122,80,11
1884,123,80,26
1885,124,80,6
1886,125,80,46
1887,126,80,68
1888,127,80,71
1889,128,80,69
1890,129,80,69
1891,130,80,68
1892,131,80,68
1893,132,80,67
1894,133,80,67
1895,134,80,68
1896,135,80,67
1897,136,80,67
1898,137,80,68
1899,138,80,66
1900,139,80,60
1901,140,80,67
1902,141,80,66
1903,142,80,67
1904,143,80,66
1905,144,80,65
1906,145,81,66
1907,144,81,68
1908,143,81,68
1909,142,81,69
1910,141,81,68
1911,140,81,69
1912,139,81,69
1913,138,81,67
1914,137,81,68
1915,136,81,61
1916,135,81,67
1917,134,81,66
1918,133,81,67
1919,132,81,67
1920,131,81,67
1921,130,81,67
1922,129,81,68
1923,128,81,67
1924,127,81,69
1925,126,81,66
1926,125,81,67
1927,124,81,70
1928,123,81,71
1929,122,81,69
1930,121,81,68
1931,120,81,47
1932,119,81,11
1933,118,81,22
1934,117,81,26
1935,116,81,25
1936,115,81,30
1937,114,81,32
1938,113,81,32
1939,112,81,31
1940,111,81,30
1941,110,81,29
1942,109,81,28
1943,108,81,29
1944,107,81,28
1945,106,81,28
1946,105,81,27
1947,104,81,15
1948,103,81,35
1949,102,81,59
1950,101,81,75
1951,100,81,82
1952,99,81,80
1953,98,81,84
1954,97,81,82
1955,96,81,76
1956,95,81,74
1957,94,81,75
1958,93,81,72
1959,92,81,72
1960,91,81,73
1961,90,81,71
1962,89,81,70
1963,88,81,70
1964,87,81,63
1965,86,81,67
1966,85,81,69
1967,84,81,67
1968,83,81,66
1969,82,81,55
1970,81,81,38
1971,80,81,17
1972,79,81,18
1973,78,81,24
1974,77,81,26
1975,76,81,27
1976,75,81,27
1977,74,81,27
1978,73,81,28
1979,72,81,25
1980,71,81,29
1981,70,81,15
1982,69,81,33
1983,68,81,55
1984,67,81,71
1985,66,81,80
1986,65,81,86
1987,64,81,85
1988,63,81,82
1989,62,81,78
1990,61,81,76
1991,60,81,78
1992,59,81,84
1993,58,81,86
1994,57,81,86
1995,56,81,86
1996,55,82,86
1997,56,82,86
1998,57,82,86
1999,58,82,83
2000,59,82,81
2001,60,82,86
2002,61,82,86
2003,62,82,86
2004,63,82,86
2005,64,82,86
2006,65,82,85
2007,66,82,81
2008,67,82,78
2009,68,82,75
2010,69,82,79
2011,70,82,82
2012,71,82,85
2013,72,82,85
2014,73,82,85
2015,74,82,55
2016,75,82,43
2017,76,82,34
2018,77,82,29
2019,78,82,26
2020,79,82,28
2021,80,82,27
2022,81,82,28
2023,82,82,27
2024,83,82,27
2025,84,82,25
2026,85,82,23
2027,86,82,19
2028,87,82,25
2029,88,82,43
2030,89,82,56
2031,90,82,69
2032,91,82,62
2033,92,82,71
2034,93,82,66
2035,94,82,71
2036,95,82,73
2037,96,82,72
2038,97,82,73
2039,98,82,74
2040,99,82,77
2041,100,82,75
2042,101,82,75
2043,102,82,81
2044,103,82,80
2045,104,82,81
2046,105,82,80
2047,106,82,81
2048,107,82,79
2049,108,82,68
2050,109,82,40
2051,110,82,29
2052,111,82,29
2053,112,82,28
2054,113,82,26
2055,114,82,28
2056,115,82,29
2057,116,82,28
2058,117,82,31
2059,118,82,32
2060,119,82,32
2061,120,82,31
2062,121,82,25
2063,122,82,26
2064,123,82,26
2065,124,82,22
2066,125,82,33
2067,126,82,67
2068,127,82,69
2069,128,82,70
2070,129,82,70
2071,130,82,68
2072,131,82,66
2073,132,82,67
2074,133,82,70
2075,134,82,67
2076,135,82,66
2077,136,82,67
2078,137,82,67
2079,138,82,66
2080,139,82,67
2081,140,82,63
2082,141,82,67
2083,142,82,61
2084,143,82,68
2085,144,82,64
2086,145,83,67
2087,144,83,69
2088,143,83,69
2089,142,83,70
2090,141,83,71
2091,140,83,69
2092,139,83,71
2093,138,83,66
2094,137,83,69
2095,136,83,68
2096,135,83,69
2097,134,83,67
2098,133,83,60
2099,132,83,67
2100,131,83,67
2101,130,83,67
2102,129,83,68
2103,128,83,69
2104,127,83,67
2105,126,83,66
2106,125,83,67
2107,124,83,69
2108,123,83,68
2109,122,83,71
2110,121,83,71
2111,120,83,69
2112,119,83,50
2113,118,83,5
2114,117,83,25
2115,116,83,25
2116,115,83,30
2117,114,83,31
2118,113,83,32
2119,112,83,32
2120,111,83,32
2121,110,83,31
2122,109,83,29
2123,108,83,28
2124,107,83,29
2125,106,83,28
2126,105,83,30
2127,104,83,38
2128,103,83,52
2129,102,83,79
2130,101,83,77
2131,100,83,81
2132,99,83,78
2133,98,83,79
2134,97,83,82
2135,96,83,79
2136,95,83,78
2137,94,83,78
2138,93,83,78
2139,92,83,77
2140,91,83,76
2141,90,83,74
2142,89,83,73
2143,88,83,72
2144,87,83,71
2145,86,83,66
2146,85,83,69
2147,84,83,61
2148,83,83,66
2149,82,83,60
2150,81,83,47
2151,80,83,18
2152,79,83,16
2153,78,83,19
2154,77,83,25
2155,76,83,25
2156,75,83,27
2157,74,83,27
2158,73,83,26
2159,72,83,28
2160,71,83,29
2161,70,83,31
2162,69,83,25
2163,68,83,51
2164,67,83,61
2165,66,83,79
2166,65,83,86
2167,64,83,86
2168,63,83,82
2169,62,83,78
2170,61,83,78
2171,60,83,79
2172,59,83,81
2173,58,83,86
2174,57,83,86
2175,56,83,86
2176,55,84,86
2177,56,84,85
2178,57,84,80
2179,58,84,79
2180,59,84,81
2181,60,84,77
2182,61,84,81
2183,62,84,79
2184,63,84,85
2185,64,84,85
2186,65,84,86
2187,66,84,84
2188,67,84,80
2189,68,84,78
2190,69,84,78
2191,70,84,80
2192,71,84,85
2193,72,84,86
2194,73,84,81
2195,74,84,61
2196,75,84,43
2197,76,84,34
2198,77,84,14
2199,78,84,28
2200,79,84,26
2201,80,84,27
2202,81,84,27
2203,82,84,27
2204,83,84,26
2205,84,84,23
2206,85,84,20
2207,86,84,16
2208,87,84,29
2209,88,84,40
2210,89,84,48
2211,90,84,54
2212,91,84,56
2213,92,84,56
2214,93,84,62
2215,94,84,53
2216,95,84,64
2217,96,84,69
2218,97,84,71
2219,98,84,72
2220,99,84,84
2221,100,84,83
2222,101,84,75
2223,102,84,78
2224,103,84,76
2225,104,84,80
2226,105,84,82
2227,106,84,81
2228,107,84,77
2229,108,84,69
2230,109,84,40
2231,110,84,32
2232,111,84,13
2233,112,84,28
2234,113,84,27
2235,114,84,27
2236,115,84,29
2237,116,84,30
2238,117,84,28
2239,118,84,32
2240,119,84,32
2241,120,84,29
2242,121,84,25
2243,122,84,26
2244,123,84,25
2245,124,84,22
2246,125,84,46
2247,126,84,63
2248,127,84,71
2249,128,84,61
2250,129,84,68
2251,130,84,68
2252,131,84,65
2253,132,84,66
2254,133,84,67
2255,134,84,69
2256,135,84,68
2257,136,84,67
2258,137,84,67
2259,138,84,67
2260,139,84,66
2261,140,84,66
2262,141,84,67
2263,142,84,67
2264,143,84,60
2265,144,84,68
2266,145,85,62
2267,144,85,69
2268,143,85,67
2269,142,85,67
2270,141,85,67
2271,140,85,68
2272,139,85,69
2273,138,85,69
2274,137,85,68
2275,136,85,69
2276,135,85,67
2277,134,85,67
2278,133,85,67
2279,132,85,64
2280,131,85,69
2281,130,85,70
2282,129,85,68
2283,128,85,67
2284,127,85,66
2285,126,85,66
2286,125,85,66
2287,124,85,69
2288,123,85,70
2289,122,85,68
2290,121,85,72
2291,120,85,70
2292,119,85,56
2293,118,85,21
2294,117,85,25
2295,116,85,25
2296,115,85,15
2297,114,85,32
2298,113,85,32
2299,112,85,31
2300,111,85,30
2301,110,85,30
2302,109,85,29
2303,108,85,28
2304,107,85,28
2305,106,85,28
2306,105,85,29
2307,104,85,34
2308,103,85,42
2309,102,85,69
2310,101,85,74
2311,100,85,71
2312,99,85,73
2313,98,85,70
2314,97,85,72
2315,96,85,74
2316,95,85,74
2317,94,85,71
2318,93,85,67
2319,92,85,61
2320,91,85,55
2321,90,85,54
2322,89,85,50
2323,88,85,43
2324,87,85,34
2325,86,85,31
2326,85,85,31
2327,84,85,32
2328,83,85,12
2329,82,85,29
2330,81,85,26
2331,80,85,24
2332,79,85,21
2333,78,85,22
2334,77,85,25
2335,76,85,26
2336,75,85,26
2337,74,85,27
2338,73,85,28
2339,72,85,26
2340,71,85,29
2341,70,85,30
2342,69,85,34
2343,68,85,53
2344,67,85,70
2345,66,85,78
2346,65,85,86
2347,64,85,82
2348,63,85,81
2349,62,85,77
2350,61,85,74
2351,60,85,77
2352,59,85,84
2353,58,85,86
2354,57,85,86
2355,56,85,86
2356,55,86,86
2357,56,86,86
2358,57,86,85
2359,58,86,86
2360,59,86,86
2361,60,86,85
2362,61,86,84
2363,62,86,86
2364,63,86,84
2365,64,86,85
2366,65,86,83
2367,66,86,81
2368,67,86,80
2369,68,86,74
2370,69,86,77
2371,70,86,82
2372,71,86,85
2373,72,86,86
2374,73,86,82
2375,74,86,60
2376,75,86,42
2377,76,86,34
2378,77,86,29
2379,78,86,16
2380,79,86,28
2381,80,86,12
2382,81,86,27
2383,82,86,26
2384,83,86,27
2385,84,86,25
2386,85,86,25
2387,86,86,25
2388,87,86,26
2389,88,86,25
2390,89,86,26
2391,90,86,25
2392,91,86,27
2393,92,86,26
2394,93,86,27
2395,94,86,28
2396,95,86,25
2397,96,86,30
2398,97,86,16
2399,98,86,29
2400,99,86,27
2401,100,86,27
2402,101,86,28
2403,102,86,28
2404,103,86,31
2405,104,86,32
2406,105,86,32
2407,106,86,36
2408,107,86,39
2409,108,86,41
2410,109,86,37
2411,110,86,31
2412,111,86,28
2413,112,86,15
2414,113,86,28
2415,114,86,13
2416,115,86,29
2417,116,86,29
2418,117,86,30
2419,118,86,32
2420,119,86,32
2421,120,86,30
2422,121,86,25
2423,122,86,26
2424,123,86,25
2425,124,86,22
2426,125,86,51
2427,126,86,69
2428,127,86,71
2429,128,86,72
2430,129,86,64
2431,130,86,68
2432,131,86,67
2433,132,86,68
2434,133,86,67
2435,134,86,67
2436,135,86,68
2437,136,86,69
2438,137,86,68
2439,138,86,68
2440,139,86,67
2441,140,86,67
2442,141,86,69
2443,142,86,68
2444,143,86,69
2445,144,86,68
2446,145,87,68
2447,144,87,59
2448,143,87,64
2449,142,87,67
2450,141,87,74
2451,140,87,68
2452,139,87,67
2453,138,87,67
2454,137,87,67
2455,136,87,71
2456,135,87,67
2457,134,87,67
2458,133,87,68
2459,132,87,68
2460,131,87,68
2461,130,87,69
2462,129,87,61
2463,128,87,70
2464,127,87,69
2465,126,87,69
2466,125,87,70
2467,124,87,70
2468,123,87,71
2469,122,87,74
2470,121,87,74
2471,120,87,47
2472,119,87,28
2473,118,87,23
2474,117,87,25
2475,116,87,25
2476,115,87,28
2477,114,87,18
2478,113,87,30
2479,112,87,21
2480,111,87,29
2481,110,87,28
2482,109,87,28
2483,108,87,28
2484,107,87,27
2485,106,87,28
2486,105,87,32
2487,104,87,31
2488,103,87,28
2489,102,87,28
2490,101,87,28
2491,100,87,27
2492,99,87,28
2493,98,87,27
2494,97,87,10
2495,96,87,27
2496,95,87,26
2497,94,87,25
2498,93,87,26
2499,92,87,26
2500,91,87,25
2501,90,87,26
2502,89,87,25
2503,88,87,26
2504,87,87,26
2505,86,87,25
2506,85,87,26
2507,84,87,25
2508,83,87,25
2509,82,87,26
2510,81,87,26
2511,80,87,10
2512,79,87,26
2513,78,87,25
2514,77,87,27
2515,76,87,27
2516,75,87,26
2517,74,87,27
2518,73,87,27
2519,72,87,26
2520,71,87,28
2521,70,87,30
2522,69,87,33
2523,68,87,52
2524,67,87,70
2525,66,87,79
2526,65,87,86
2527,64,87,85
2528,63,87,81
2529,62,87,78
2530,61,87,72
2531,60,87,77
2532,59,87,82
2533,58,87,85
2534,57,87,86
2535,56,87,86
2536,55,88,86
2537,56,88,86
2538,57,88,85
2539,58,88,86
2540,59,88,86
2541,60,88,85
2542,61,88,86
2543,62,88,86
2544,63,88,84
2545,64,88,84
2546,65,88,85
2547,66,88,82
2548,67,88,78
2549,68,88,74
2550,69,88,77
2551,70,88,82
2552,71,88,85
2553,72,88,86
2554,73,88,80
2555,74,88,51
2556,75,88,38
2557,76,88,32
2558,77,88,29
2559,78,88,28
2560,79,88,28
2561,80,88,27
2562,81,88,11
2563,82,88,26
2564,83,88,24
2565,84,88,27
2566,85,88,25
2567,86,88,27
2568,87,88,26
2569,88,88,25
2570,89,88,26
2571,90,88,26
2572,91,88,26
2573,92,88,26
2574,93,88,26
2575,94,88,26
2576,95,88,26
2577,96,88,26
2578,97,88,26
2579,98,88,14
2580,99,88,26
2581,100,88,10
2582,101,88,26
2583,102,88,26
2584,103,88,26
2585,104,88,27
2586,105,88,25
2587,106,88,27
2588,107,88,27
2589,108,88,25
2590,109,88,29
2591,110,88,29
2592,111,88,27
2593,112,88,28
2594,113,88,28
2595,114,88,28
2596,115,88,13
2597,116,88,29
2598,117,88,25
2599,118,88,29
2600,119,88,29
2601,120,88,25
2602,121,88,23
2603,122,88,28
2604,123,88,28
2605,124,88,32
2606,125,88,68
2607,126,88,79
2608,127,88,80
2609,128,88,73
2610,129,88,73
2611,130,88,72
2612,131,88,71
2613,132,88,65
2614,133,88,71
2615,134,88,69
2616,135,88,68
2617,136,88,67
2618,137,88,67
2619,138,88,66
2620,139,88,66
2621,140,88,70
2622,141,88,72
2623,142,88,73
2624,143,88,80
2625,144,88,86
2626,145,89,86
2627,144,89,85
2628,143,89,85
2629,142,89,86
2630,141,89,85
2631,140,89,86
2632,139,89,86
2633,138,89,86
2634,137,89,86
2635,136,89,86
2636,135,89,85
2637,134,89,74
2638,133,89,68
2639,132,89,68
2640,131,89,68
2641,130,89,69
2642,129,89,69
2643,128,89,74
2644,127,89,73
2645,126,89,69
2646,125,89,77
2647,124,89,81
2648,123,89,79
2649,122,89,81
2650,121,89,75
2651,120,89,75
2652,119,89,67
2653,118,89,43
2654,117,89,27
2655,116,89,20
2656,115,89,26
2657,114,89,28
2658,113,89,29
2659,112,89,29
2660,111,89,14
2661,110,89,29
2662,109,89,28
2663,108,89,26
2664,107,89,28
2665,106,89,28
2666,105,89,25
2667,104,89,28
2668,103,89,27
2669,102,89,25
2670,101,89,27
2671,100,89,27
2672,99,89,25
2673,98,89,26
2674,97,89,26
2675,96,89,18
2676,95,89,26
2677,94,89,9
2678,93,89,26
2679,92,89,26
2680,91,89,25
2681,90,89,26
2682,89,89,26
2683,88,89,25
2684,87,89,26
2685,86,89,25
2686,85,89,26
2687,84,89,26
2688,83,89,26
2689,82,89,26
2690,81,89,26
2691,80,89,25
2692,79,89,20
2693,78,89,26
2694,77,89,11
2695,76,89,27
2696,75,89,27
2697,74,89,27
2698,73,89,27
2699,72,89,27
2700,71,89,29
2701,70,89,29
2702,69,89,30
2703,68,89,37
2704,67,89,67
2705,66,89,79
2706,65,89,84
2707,64,89,83
2708,63,89,83
2709,62,89,77
2710,61,89,76
2711,60,89,74
2712,59,89,82
2713,58,89,86
2714,57,89,86
2715,56,89,86
2716,55,90,86
2717,56,90,86
2718,57,90,86
2719,58,90,86
2720,59,90,86
2721,60,90,85
2722,61,90,86
2723,62,90,86
2724,63,90,85
2725,64,90,86
2726,65,90,83
2727,66,90,80
2728,67,90,74
2729,68,90,75
2730,69,90,78
2731,70,90,82
2732,71,90,86
2733,72,90,86
2734,73,90,81
2735,74,90,47
2736,75,90,37
2737,76,90,32
2738,77,90,28
2739,78,90,28
2740,79,90,28
2741,80,90,28
2742,81,90,27
2743,82,90,27
2744,83,90,26
2745,84,90,11
2746,85,90,26
2747,86,90,26
2748,87,90,27
2749,88,90,26
2750,89,90,26
2751,90,90,26
2752,91,90,25
2753,92,90,26
2754,93,90,26
2755,94,90,26
2756,95,90,26
2757,96,90,26
2758,97,90,26
2759,98,90,26
2760,99,90,26
2761,100,90,26
2762,101,90,11
2763,102,90,25
2764,103,90,25
2765,104,90,26
2766,105,90,26
2767,106,90,27
2768,107,90,27
2769,108,90,26
2770,109,90,27
2771,110,90,27
2772,111,90,27
2773,112,90,28
2774,113,90,28
2775,114,90,27
2776,115,90,28
2777,116,90,29
2778,117,90,28
2779,118,90,13
2780,119,90,28
2781,120,90,25
2782,121,90,20
2783,122,90,37
2784,123,90,56
2785,124,90,67
2786,125,90,77
2787,126,90,78
2788,127,90,80
2789,128,90,81
2790,129,90,82
2791,130,90,83
2792,131,90,80
2793,132,90,81
2794,133,90,78
2795,134,90,81
2796,135,90,78
2797,136,90,82
2798,137,90,86
2799,138,90,86
2800,139,90,86
2801,140,90,86
2802,141,90,86
2803,142,90,86
2804,143,90,85
2805,144,90,86
2806,145,91,86
2807,144,91,85
2808,143,91,86
2809,142,91,86
2810,141,91,86
2811,140,91,85
2812,139,91,86
2813,138,91,85
2814,137,91,86
2815,136,91,86
2816,135,91,86
2817,134,91,86
2818,133,91,86
2819,132,91,86
2820,131,91,85
2821,130,91,86
2822,129,91,82
2823,128,91,82
2824,127,91,83
2825,126,91,84
2826,125,91,79
2827,124,91,82
2828,123,91,80
2829,122,91,83
2830,121,91,80
2831,120,91,81
2832,119,91,79
2833,118,91,74
2834,117,91,58
2835,116,91,34
2836,115,91,24
2837,114,91,25
2838,113,91,29
2839,112,91,29
2840,111,91,28
2841,110,91,26
2842,109,91,28
2843,108,91,12
2844,107,91,28
2845,106,91,27
2846,105,91,27
2847,104,91,27
2848,103,91,27
2849,102,91,26
2850,101,91,26
2851,100,91,27
2852,99,91,26
2853,98,91,26
2854,97,91,26
2855,96,91,26
2856,95,91,26
2857,94,91,26
2858,93,91,12
2859,92,91,26
2860,91,91,11
2861,90,91,26
2862,89,91,26
2863,88,91,26
2864,87,91,26
2865,86,91,26
2866,85,91,26
2867,84,91,26
2868,83,91,26
2869,82,91,25
2870,81,91,26
2871,80,91,26
2872,79,91,27
2873,78,91,26
2874,77,91,27
2875,76,91,14
2876,75,91,27
2877,74,91,13
2878,73,91,28
2879,72,91,28
2880,71,91,28
2881,70,91,29
2882,69,91,31
2883,68,91,35
2884,67,91,56
2885,66,91,70
2886,65,91,82
2887,64,91,86
2888,63,91,82
2889,62,91,80
2890,61,91,75
2891,60,91,78
2892,59,91,82
2893,58,91,86
2894,57,91,80
2895,56,91,86
2896,55,92,86
2897,56,92,86
2898,57,92,86
2899,58,92,86
2900,59,92,86
2901,60,92,86
2902,61,92,86
2903,62,92,86
2904,63,92,86
2905,64,92,85
2906,65,92,85
2907,66,92,82
2908,67,92,79
2909,68,92,74
2910,69,92,77
2911,70,92,78
2912,71,92,86
2913,72,92,82
2914,73,92,75
2915,74,92,43
2916,75,92,32
2917,76,92,31
2918,77,92,28
2919,78,92,26
2920,79,92,28
2921,80,92,28
2922,81,92,28
2923,82,92,27
2924,83,92,27
2925,84,92,27
2926,85,92,26
2927,86,92,25
2928,87,92,11
2929,88,92,26
2930,89,92,25
2931,90,92,26
2932,91,92,26
2933,92,92,26
2934,93,92,26
2935,94,92,25
2936,95,92,26
2937,96,92,26
2938,97,92,25
2939,98,92,26
2940,99,92,26
2941,100,92,26
2942,101,92,27
2943,102,92,26
2944,103,92,25
2945,104,92,10
2946,105,92,27
2947,106,92,25
2948,107,92,27
2949,108,92,27
2950,109,92,27
2951,110,92,27
2952,111,92,27
2953,112,92,28
2954,113,92,28
2955,114,92,28
2956,115,92,28
2957,116,92,28
2958,117,92,29
2959,118,92,29
2960,119,92,21
2961,120,92,26
2962,121,92,4
2963,122,92,35
2964,123,92,54
2965,124,92,73
2966,125,92,81
2967,126,92,82
2968,127,92,77
2969,128,92,80
2970,129,92,81
2971,130,92,82
2972,131,92,82
2973,132,92,82
2974,133,92,85
2975,134,92,84
2976,135,92,86
2977,136,92,82
2978,137,92,85
2979,138,92,86
2980,139,92,86
2981,140,92,86
2982,141,92,86
2983,142,92,86
2984,143,92,86
2985,144,92,84
2986,145,93,86
2987,144,93,86
2988,143,93,84
2989,142,93,86
2990,141,93,86
2991,140,93,86
2992,139,93,86
2993,138,93,86
2994,137,93,86
2995,136,93,85
2996,135,93,86
2997,134,93,86
2998,133,93,85
2999,132,93,86
3000,131,93,86
3001,130,93,84
3002,129,93,86
3003,128,93,86
3004,127,93,85
3005,126,93,84
3006,125,93,81
3007,124,93,80
3008,123,93,52
3009,122,93,79
3010,121,93,79
3011,120,93,78
3012,119,93,81
3013,118,93,78
3014,117,93,68
3015,116,93,43
3016,115,93,21
3017,114,93,26
3018,113,93,27
3019,112,93,28
3020,111,93,29
3021,110,93,27
3022,109,93,28
3023,108,93,28
3024,107,93,14
3025,106,93,28
3026,105,93,19
3027,104,93,27
3028,103,93,27
3029,102,93,27
3030,101,93,26
3031,100,93,27
3032,99,93,26
3033,98,93,26
3034,97,93,26
3035,96,93,27
3036,95,93,25
3037,94,93,26
3038,93,93,26
3039,92,93,25
3040,91,93,26
3041,90,93,10
3042,89,93,26
3043,88,93,25
3044,87,93,26
3045,86,93,26
3046,85,93,26
3047,84,93,25
3048,83,93,26
3049,82,93,27
3050,81,93,26
3051,80,93,27
3052,79,93,26
3053,78,93,26
3054,77,93,27
3055,76,93,26
3056,75,93,27
3057,74,93,28
3058,73,93,10
3059,72,93,28
3060,71,93,27
3061,70,93,30
3062,69,93,30
3063,68,93,34
3064,67,93,60
3065,66,93,73
3066,65,93,83
3067,64,93,85
3068,63,93,81
3069,62,93,75
3070,61,93,77
3071,60,93,81
3072,59,93,82
3073,58,93,86
3074,57,93,86
3075,56,93,86
3076,55,94,86
3077,56,94,85
3078,57,94,86
3079,58,94,86
3080,59,94,85
3081,60,94,86
3082,61,94,86
3083,62,94,84
3084,63,94,86
3085,64,94,86
3086,65,94,84
3087,66,94,80
3088,67,94,78
3089,68,94,78
3090,69,94,79
3091,70,94,82
3092,71,94,85
3093,72,94,85
3094,73,94,73
3095,74,94,46
3096,75,94,36
3097,76,94,29
3098,77,94,30
3099,78,94,28
3100,79,94,27
3101,80,94,28
3102,81,94,27
3103,82,94,27
3104,83,94,27
3105,84,94,26
3106,85,94,27
3107,86,94,27
3108,87,94,25
3109,88,94,17
3110,89,94,26
3111,90,94,11
3112,91,94,26
3113,92,94,26
3114,93,94,26
3115,94,94,26
3116,95,94,25
3117,96,94,26
3118,97,94,26
3119,98,94,25
3120,99,94,26
3121,100,94,26
3122,101,94,26
3123,102,94,27
3124,103,94,26
3125,104,94,25
3126,105,94,19
3127,106,94,26
3128,107,94,9
3129,108,94,27
3130,109,94,27
3131,110,94,25
3132,111,94,27
3133,112,94,28
3134,113,94,27
3135,114,94,28
3136,115,94,28
3137,116,94,28
3138,117,94,29
3139,118,94,29
3140,119,94,28
3141,120,94,25
3142,121,94,21
3143,122,94,21
3144,123,94,56
3145,124,94,65
3146,125,94,78
3147,126,94,79
3148,127,94,81
3149,128,94,81
3150,129,94,80
3151,130,94,81
3152,131,94,81
3153,132,94,81
3154,133,94,83
3155,134,94,86
3156,135,94,83
3157,136,94,86
3158,137,94,86
3159,138,94,85
3160,139,94,86
3161,140,94,86
3162,141,94,85
3163,142,94,86
3164,143,94,86
3165,144,94,86
3166,145,95,85
3167,144,95,86
3168,143,95,86
3169,142,95,85
3170,141,95,86
3171,140,95,86
3172,139,95,86
3173,138,95,86
3174,137,95,86
3175,136,95,85
3176,135,95,85
3177,134,95,84
3178,133,95,86
3179,132,95,85
3180,131,95,86
3181,130,95,85
3182,129,95,84
3183,128,95,85
3184,127,95,82
3185,126,95,84
3186,125,95,81
3187,124,95,81
3188,123,95,82
3189,122,95,84
3190,121,95,81
3191,120,95,81
3192,119,95,75
3193,118,95,77
3194,117,95,66
3195,116,95,46
3196,115,95,19
3197,114,95,24
3198,113,95,27
3199,112,95,29
3200,111,95,29
3201,110,95,29
3202,109,95,29
3203,108,95,28
3204,107,95,28
3205,106,95,28
3206,105,95,27
3207,104,95,11
3208,103,95,27
3209,102,95,11
3210,101,95,27
3211,100,95,26
3212,99,95,27
3213,98,95,26
3214,97,95,26
3215,96,95,27
3216,95,95,27
3217,94,95,25
3218,93,95,26
3219,92,95,26
3220,91,95,25
3221,90,95,26
3222,89,95,25
3223,88,95,26
3224,87,95,11
3225,86,95,26
3226,85,95,26
3227,84,95,26
3228,83,95,25
3229,82,95,26
3230,81,95,27
3231,80,95,27
3232,79,95,27
3233,78,95,26
3234,77,95,28
3235,76,95,27
3236,75,95,27
3237,74,95,28
3238,73,95,28
3239,72,95,24
3240,71,95,29
3241,70,95,17
3242,69,95,33
3243,68,95,40
3244,67,95,70
3245,66,95,81
3246,65,95,85
3247,64,95,83
3248,63,95,82
3249,62,95,80
3250,61,95,77
3251,60,95,80
3252,59,95,83
3253,58,95,86
3254,57,95,86
3255,56,95,86
3256,55,96,86
3257,56,96,86
3258,57,96,86
3259,58,96,86
3260,59,96,86
3261,60,96,82
3262,61,96,83
3263,62,96,84
3264,63,96,85
3265,64,96,86
3266,65,96,85
3267,66,96,83
3268,67,96,81
3269,68,96,77
3270,69,96,78
3271,70,96,81
3272,71,96,83
3273,72,96,86
3274,73,96,85
3275,74,96,56
3276,75,96,47
3277,76,96,38
3278,77,96,35
3279,78,96,31
3280,79,96,29
3281,80,96,27
3282,81,96,28
3283,82,96,28
3284,83,96,26
3285,84,96,27
3286,85,96,26
3287,86,96,27
3288,87,96,27
3289,88,96,26
3290,89,96,27
3291,90,96,27
3292,91,96,10
3293,92,96,26
3294,93,96,23
3295,94,96,26
3296,95,96,27
3297,96,96,26
3298,97,96,27
3299,98,96,26
3300,99,96,26
3301,100,96,26
3302,101,96,27
3303,102,96,26
3304,103,96,27
3305,104,96,26
3306,105,96,26
3307,106,96,27
3308,107,96,27
3309,108,96,11
3310,109,96,27
3311,110,96,26
3312,111,96,28
3313,112,96,28
3314,113,96,28
3315,114,96,28
3316,115,96,29
3317,116,96,29
3318,117,96,29
3319,118,96,29
3320,119,96,28
3321,120,96,25
3322,121,96,19
3323,122,96,34
3324,123,96,53
3325,124,96,71
3326,125,96,75
3327,126,96,80
3328,127,96,77
3329,128,96,80
3330,129,96,77
3331,130,96,80
3332,131,96,85
3333,132,96,85
3334,133,96,86
3335,134,96,86
3336,135,96,85
3337,136,96,84
3338,137,96,86
3339,138,96,85
3340,139,96,86
3341,140,96,85
3342,141,96,86
3343,142,96,84
3344,143,96,86
3345,144,96,85
3346,145,97,86
3347,144,97,86
3348,143,97,86
3349,142,97,86
3350,141,97,86
3351,140,97,86
3352,139,97,86
3353,138,97,86
3354,137,97,86
3355,136,97,86
3356,135,97,86
3357,134,97,86
3358,133,97,84
3359,132,97,86
3360,131,97,86
3361,130,97,85
3362,129,97,86
3363,128,97,86
3364,127,97,85
3365,126,97,85
3366,125,97,81
3367,124,97,83
3368,123,97,83
3369,122,97,81
3370,121,97,83
3371,120,97,80
3372,119,97,80
3373,118,97,73
3374,117,97,66
3375,116,97,48
3376,115,97,20
3377,114,97,24
3378,113,97,28
3379,112,97,29
3380,111,97,29
3381,110,97,29
3382,109,97,29
3383,108,97,29
3384,107,97,27
3385,106,97,28
3386,105,97,28
3387,104,97,26
3388,103,97,18
3389,102,97,27
3390,101,97,11
3391,100,97,27
3392,99,97,27
3393,98,97,25
3394,97,97,27
3395,96,97,27
3396,95,97,27
3397,94,97,27
3398,93,97,27
3399,92,97,27
3400,91,97,26
3401,90,97,27
3402,89,97,27
3403,88,97,27
3404,87,97,25
3405,86,97,13
3406,85,97,27
3407,84,97,14
3408,83,97,27
3409,82,97,27
3410,81,97,27
3411,80,97,27
3412,79,97,26
3413,78,97,27
3414,77,97,27
3415,76,97,26
3416,75,97,28
3417,74,97,29
3418,73,97,29
3419,72,97,31
3420,71,97,34
3421,70,97,41
3422,69,97,44
3423,68,97,67
3424,67,97,81
3425,66,97,83
3426,65,97,83
3427,64,97,81
3428,63,97,80
3429,62,97,79
3430,61,97,78
3431,60,97,80
3432,59,97,81
3433,58,97,86
3434,57,97,85
3435,56,97,86
3436,55,98,86
3437,56,98,82
3438,57,98,86
3439,58,98,86
3440,59,98,86
3441,60,98,77
3442,61,98,86
3443,62,98,86
3444,63,98,86
3445,64,98,86
3446,65,98,84
3447,66,98,80
3448,67,98,80
3449,68,98,77
3450,69,98,79
3451,70,98,80
3452,71,98,83
3453,72,98,84
3454,73,98,81
3455,74,98,81
3456,75,98,81
3457,76,98,73
3458,77,98,51
3459,78,98,38
3460,79,98,33
3461,80,98,31
3462,81,98,28
3463,82,98,28
3464,83,98,28
3465,84,98,26
3466,85,98,27
3467,86,98,28
3468,87,98,27
3469,88,98,28
3470,89,98,27
3471,90,98,27
3472,91,98,27
3473,92,98,25
3474,93,98,27
3475,94,98,11
3476,95,98,25
3477,96,98,26
3478,97,98,26
3479,98,98,27
3480,99,98,27
3481,100,98,26
3482,101,98,27
3483,102,98,27
3484,103,98,27
3485,104,98,27
3486,105,98,27
3487,106,98,27
3488,107,98,22
3489,108,98,27
3490,109,98,26
3491,110,98,26
3492,111,98,13
3493,112,98,28
3494,113,98,26
3495,114,98,28
3496,115,98,28
3497,116,98,29
3498,117,98,29
3499,118,98,29
3500,119,98,28
3501,120,98,24
3502,121,98,21
3503,122,98,38
3504,123,98,55
3505,124,98,68
3506,125,98,78
3507,126,98,81
3508,127,98,80
3509,128,98,76
3510,129,98,80
3511,130,98,82
3512,131,98,82
3513,132,98,80
3514,133,98,83
3515,134,98,85
3516,135,98,85
3517,136,98,86
3518,137,98,86
3519,138,98,86
3520,139,98,86
3521,140,98,86
3522,141,98,86
3523,142,98,86
3524,143,98,84
3525,144,98,86
3526,145,99,82
3527,144,99,86
3528,143,99,86
3529,142,99,85
3530,141,99,86
3531,140,99,86
3532,139,99,85
3533,138,99,86
3534,137,99,86
3535,136,99,86
3536,135,99,86
3537,134,99,86
3538,133,99,86
3539,132,99,85
3540,131,99,86
3541,130,99,86
3542,129,99,85
3543,128,99,86
3544,127,99,82
3545,126,99,85
3546,125,99,83
3547,124,99,84
3548,123,99,82
3549,122,99,83
3550,121,99,78
3551,120,99,81
3552,119,99,79
3553,118,99,78
3554,117,99,68
3555,116,99,50
3556,115,99,2
3557,114,99,25
3558,113,99,28
3559,112,99,29
3560,111,99,29
3561,110,99,29
3562,109,99,27
3563,108,99,29
3564,107,99,29
3565,106,99,28
3566,105,99,28
3567,104,99,28
3568,103,99,27
3569,102,99,28
3570,101,99,28
3571,100,99,11
3572,99,99,27
3573,98,99,25
3574,97,99,26
3575,96,99,27
3576,95,99,27
3577,94,99,25
3578,93,99,27
3579,92,99,26
3580,91,99,27
3581,90,99,27
3582,89,99,26
3583,88,99,27
3584,87,99,27
3585,86,99,25
3586,85,99,27
3587,84,99,27
3588,83,99,9
3589,82,99,27
3590,81,99,25
3591,80,99,28
3592,79,99,28
3593,78,99,27
3594,77,99,28
3595,76,99,29
3596,75,99,28
3597,74,99,31
3598,73,99,37
3599,72,99,45
3600,71,99,57
3601,70,99,76
3602,69,99,81
3603,68,99,82
3604,67,99,83
3605,66,99,79
3606,65,99,82
3607,64,99,59
3608,63,99,80
3609,62,99,80
3610,61,99,75
3611,60,99,78
3612,59,99,82
3613,58,99,86
3614,57,99,86
3615,56,99,86
3616,55,100,86
3617,56,100,86
3618,57,100,86
3619,58,100,86
3620,59,100,86
3621,60,100,86
3622,61,100,84
3623,62,100,86
3624,63,100,86
3625,64,100,85
3626,65,100,85
3627,66,100,83
3628,67,100,79
3629,68,100,75
3630,69,100,76
3631,70,100,78
3632,71,100,80
3633,72,100,83
3634,73,100,81
3635,74,100,84
3636,75,100,84
3637,76,100,84
3638,77,100,80
3639,78,100,71
3640,79,100,67
3641,80,100,53
3642,81,100,37
3643,82,100,33
3644,83,100,31
3645,84,100,27
3646,85,100,27
3647,86,100,28
3648,87,100,26
3649,88,100,27
3650,89,100,27
3651,90,100,27
3652,91,100,27
3653,92,100,27
3654,93,100,12
3655,94,100,27
3656,95,100,26
3657,96,100,27
3658,97,100,27
3659,98,100,27
3660,99,100,27
3661,100,100,27
3662,101,100,27
3663,102,100,28
3664,103,100,26
3665,104,100,27
3666,105,100,27
3667,106,100,27
3668,107,100,26
3669,108,100,16
3670,109,100,28
3671,110,100,21
3672,111,100,29
3673,112,100,28
3674,113,100,29
3675,114,100,29
3676,115,100,29
3677,116,100,29
3678,117,100,30
3679,118,100,30
3680,119,100,29
3681,120,100,26
3682,121,100,21
3683,122,100,32
3684,123,100,45
3685,124,100,70
3686,125,100,70
3687,126,100,80
3688,127,100,80
3689,128,100,81
3690,129,100,80
3691,130,100,84
3692,131,100,85
3693,132,100,83
3694,133,100,84
3695,134,100,84
3696,135,100,85
3697,136,100,85
3698,137,100,85
3699,138,100,86
3700,139,100,86
3701,140,100,84
3702,141,100,86
3703,142,100,85
3704,143,100,86
3705,144,100,85
3706,145,101,86
3707,144,101,86
3708,143,101,85
3709,142,101,86
3710,141,101,86
3711,140,101,86
3712,139,101,85
3713,138,101,86
3714,137,101,86
3715,136,101,86
3716,135,101,85
3717,134,101,86
3718,133,101,86
3719,132,101,86
3720,131,101,86
3721,130,101,85
3722,129,101,84
3723,128,101,86
3724,127,101,83
3725,126,101,85
3726,125,101,84
3727,124,101,85
3728,123,101,83
3729,122,101,81
3730,121,101,84
3731,120,101,80
3732,119,101,78
3733,118,101,76
3734,117,101,67
3735,116,101,44
3736,115,101,21
3737,114,101,25
3738,113,101,28
3739,112,101,30
3740,111,101,30
3741,110,101,30
3742,109,101,29
3743,108,101,27
3744,107,101,16
3745,106,101,29
3746,105,101,25
3747,104,101,27
3748,103,101,28
3749,102,101,28
3750,101,101,28
3751,100,101,28
3752,99,101,28
3753,98,101,27
3754,97,101,27
3755,96,101,27
3756,95,101,27
3757,94,101,25
3758,93,101,27
3759,92,101,15
3760,91,101,25
3761,90,101,12
3762,89,101,27
3763,88,101,26
3764,87,101,27
3765,86,101,27
3766,85,101,27
3767,84,101,27
3768,83,101,28
3769,82,101,27
3770,81,101,28
3771,80,101,28
3772,79,101,28
3773,78,101,29
3774,77,101,32
3775,76,101,35
3776,75,101,23
3777,74,101,58
3778,73,101,70
3779,72,101,77
3780,71,101,83
3781,70,101,83
3782,69,101,83
3783,68,101,81
3784,67,101,82
3785,66,101,81
3786,65,101,80
3787,64,101,80
3788,63,101,80
3789,62,101,77
3790,61,101,78
3791,60,101,75
3792,59,101,81
3793,58,101,84
3794,57,101,86
3795,56,101,85
3796,55,102,86
3797,56,102,86
3798,57,102,85
3799,58,102,86
3800,59,102,86
3801,60,102,86
3802,61,102,86
3803,62,102,86
3804,63,102,86
3805,64,102,86
3806,65,102,84
3807,66,102,82
3808,67,102,72
3809,68,102,75
3810,69,102,78
3811,70,102,80
3812,71,102,82
3813,72,102,80
3814,73,102,80
3815,74,102,80
3816,75,102,81
3817,76,102,81
3818,77,102,82
3819,78,102,84
3820,79,102,81
3821,80,102,73
3822,81,102,67
3823,82,102,46
3824,83,102,37
3825,84,102,19
3826,85,102,30
3827,86,102,29
3828,87,102,29
3829,88,102,29
3830,89,102,28
3831,90,102,29
3832,91,102,28
3833,92,102,28
3834,93,102,28
3835,94,102,28
3836,95,102,28
3837,96,102,26
3838,97,102,27
3839,98,102,27
3840,99,102,9
3841,100,102,27
3842,101,102,27
3843,102,102,28
3844,103,102,28
3845,104,102,28
3846,105,102,28
3847,106,102,26
3848,107,102,28
3849,108,102,28
3850,109,102,28
3851,110,102,27
3852,111,102,29
3853,112,102,29
3854,113,102,29
3855,114,102,15
3856,115,102,29
3857,116,102,29
3858,117,102,29
3859,118,102,30
3860,119,102,29
3861,120,102,28
3862,121,102,20
3863,122,102,34
3864,123,102,50
3865,124,102,74
3866,125,102,79
3867,126,102,82
3868,127,102,81
3869,128,102,79
3870,129,102,78
3871,130,102,80
3872,131,102,80
3873,132,102,81
3874,133,102,84
3875,134,102,84
3876,135,102,84
3877,136,102,85
3878,137,102,86
3879,138,102,83
3880,139,102,85
3881,140,102,86
3882,141,102,86
3883,142,102,86
3884,143,102,84
3885,144,102,85
3886,145,103,86
3887,144,103,84
3888,143,103,86
3889,142,103,86
3890,141,103,86
3891,140,103,85
3892,139,103,86
3893,138,103,86
3894,137,103,86
3895,136,103,85
3896,135,103,86
3897,134,103,86
3898,133,103,86
3899,132,103,85
3900,131,103,83
3901,130,103,85
3902,129,103,84
3903,128,103,80
3904,127,103,85
3905,126,103,84
3906,125,103,82
3907,124,103,82
3908,123,103,79
3909,122,103,80
3910,121,103,80
3911,120,103,81
3912,119,103,76
3913,118,103,65
3914,117,103,43
3915,116,103,3
3916,115,103,27
3917,114,103,30
3918,113,103,30
3919,112,103,31
3920,111,103,30
3921,110,103,30
3922,109,103,28
3923,108,103,30
3924,107,103,30
3925,106,103,29
3926,105,103,29
3927,104,103,29
3928,103,103,29
3929,102,103,28
3930,101,103,13
3931,100,103,28
3932,99,103,27
3933,98,103,29
3934,97,103,28
3935,96,103,28
3936,95,103,27
3937,94,103,27
3938,93,103,28
3939,92,103,26
3940,91,103,28
3941,90,103,29
3942,89,103,27
3943,88,103,29
3944,87,103,30
3945,86,103,15
3946,85,103,30
3947,84,103,27
3948,83,103,32
3949,82,103,34
3950,81,103,38
3951,80,103,39
3952,79,103,44
3953,78,103,55
3954,77,103,63
3955,76,103,73
3956,75,103,78
3957,74,103,80
3958,73,103,78
3959,72,103,83
3960,71,103,81
3961,70,103,82
3962,69,103,78
3963,68,103,82
3964,67,103,81
3965,66,103,81
3966,65,103,81
3967,64,103,80
3968,63,103,79
3969,62,103,75
3970,61,103,75
3971,60,103,77
3972,59,103,84
3973,58,103,86
3974,57,103,85
3975,56,103,86
3976,55,104,86
3977,56,104,84
3978,57,104,86
3979,58,104,85
3980,59,104,86
3981,60,104,86
3982,61,104,86
3983,62,104,86
3984,63,104,85
3985,64,104,86
3986,65,104,86
3987,66,104,85
3988,67,104,77
3989,68,104,79
3990,69,104,76
3991,70,104,81
3992,71,104,81
3993,72,104,81
3994,73,104,78
3995,74,104,82
3996,75,104,81
3997,76,104,81
3998,77,104,80
3999,78,104,80
4000,79,104,81
4001,80,104,82
4002,81,104,84
4003,82,104,81
4004,83,104,79
4005,84,104,77
4006,85,104,73
4007,86,104,70
4008,87,104,69
4009,88,104,60
4010,89,104,58
4011,90,104,51
4012,91,104,46
4013,92,104,38
4014,93,104,36
4015,94,104,34
4016,95,104,32
4017,96,104,31
4018,97,104,30
4019,98,104,29
4020,99,104,29
4021,100,104,29
4022,101,104,29
4023,102,104,27
4024,103,104,25
4025,104,104,28
4026,105,104,12
4027,106,104,27
4028,107,104,28
4029,108,104,28
4030,109,104,28
4031,110,104,30
4032,111,104,29
4033,112,104,30
4034,113,104,29
4035,114,104,30
4036,115,104,30
4037,116,104,30
4038,117,104,31
4039,118,104,29
4040,119,104,30
4041,120,104,7
4042,121,104,22
4043,122,104,25
4044,123,104,64
4045,124,104,73
4046,125,104,79
4047,126,104,77
4048,127,104,79
4049,128,104,79
4050,129,104,82
4051,130,104,82
4052,131,104,84
4053,132,104,83
4054,133,104,82
4055,134,104,84
4056,135,104,79
4057,136,104,83
4058,137,104,84
4059,138,104,86
4060,139,104,86
4061,140,104,86
4062,141,104,86
4063,142,104,86
4064,143,104,86
4065,144,104,86
4066,145,105,86
4067,144,105,85
4068,143,105,86
4069,142,105,86
4070,141,105,86
4071,140,105,85
4072,139,105,86
4073,138,105,86
4074,137,105,86
4075,136,105,85
4076,135,105,86
4077,134,105,86
4078,133,105,86
4079,132,105,86
4080,131,105,86
4081,130,105,85
4082,129,105,86
4083,128,105,80
4084,127,105,86
4085,126,105,82
4086,125,105,79
4087,124,105,79
4088,123,105,81
4089,122,105,81
4090,121,105,80
4091,120,105,80
4092,119,105,80
4093,118,105,77
4094,117,105,70
4095,116,105,28
4096,115,105,23
4097,114,105,26
4098,113,105,30
4099,112,105,25
4100,111,105,31
4101,110,105,15
4102,109,105,28
4103,108,105,30
4104,107,105,30
4105,106,105,30
4106,105,105,28
4107,104,105,29
4108,103,105,29
4109,102,105,28
4110,101,105,29
4111,100,105,29
4112,99,105,29
4113,98,105,31
4114,97,105,25
4115,96,105,33
4116,95,105,17
4117,94,105,34
4118,93,105,35
4119,92,105,37
4120,91,105,46
4121,90,105,53
4122,89,105,61
4123,88,105,71
4124,87,105,70
4125,86,105,72
4126,85,105,76
4127,84,105,76
4128,83,105,78
4129,82,105,79
4130,81,105,80
4131,80,105,76
4132,79,105,81
4133,78,105,80
4134,77,105,80
4135,76,105,80
4136,75,105,80
4137,74,105,81
4138,73,105,82
4139,72,105,83
4140,71,105,82
4141,70,105,81
4142,69,105,81
4143,68,105,82
4144,67,105,81
4145,66,105,79
4146,65,105,79
4147,64,105,81
4148,63,105,76
4149,62,105,81
4150,61,105,78
4151,60,105,84
4152,59,105,86
4153,58,105,86
4154,57,105,86
4155,56,105,86
4156,55,106,86
4157,56,106,86
4158,57,106,85
4159,58,106,86
4160,59,106,86
4161,60,106,86
4162,61,106,86
4163,62,106,84
4164,63,106,86
4165,64,106,86
4166,65,106,86
4167,66,106,83
4168,67,106,80
4169,68,106,78
4170,69,106,79
4171,70,106,78
4172,71,106,81
4173,72,106,80
4174,73,106,80
4175,74,106,82
4176,75,106,82
4177,76,106,82
4178,77,106,79
4179,78,106,84
4180,79,106,80
4181,80,106,80
4182,81,106,83
4183,82,106,81
4184,83,106,81
4185,84,106,80
4186,85,106,80
4187,86,106,80
4188,87,106,82
4189,88,106,80
4190,89,106,81
4191,90,106,79
4192,91,106,79
4193,92,106,78
4194,93,106,81
4195,94,106,74
4196,95,106,76
4197,96,106,73
4198,97,106,73
4199,98,106,67
4200,99,106,60
4201,100,106,53
4202,101,106,42
4203,102,106,39
4204,103,106,33
4205,104,106,30
4206,105,106,29
4207,106,106,29
4208,107,106,29
4209,108,106,29
4210,109,106,15
4211,110,106,29
4212,111,106,27
4213,112,106,30
4214,113,106,30
4215,114,106,30
4216,115,106,31
4217,116,106,31
4218,117,106,30
4219,118,106,32
4220,119,106,31
4221,120,106,25
4222,121,106,20
4223,122,106,25
4224,123,106,56
4225,124,106,65
4226,125,106,78
4227,126,106,75
4228,127,106,82
4229,128,106,79
4230,129,106,79
4231,130,106,80
4232,131,106,78
4233,132,106,83
4234,133,106,86
4235,134,106,85
4236,135,106,86
4237,136,106,84
4238,137,106,85
4239,138,106,86
4240,139,106,85
4241,140,106,86
4242,141,106,85
4243,142,106,86
4244,143,106,85
4245,144,106,86
4246,145,107,86
4247,144,107,86
4248,143,107,85
4249,142,107,86
4250,141,107,86
4251,140,107,86
4252,139,107,86
4253,138,107,86
4254,137,107,86
4255,136,107,85
4256,135,107,84
4257,134,107,84
4258,133,107,86
4259,132,107,86
4260,131,107,84
4261,130,107,85
4262,129,107,84
4263,128,107,85
4264,127,107,84
4265,126,107,84
4266,125,107,83
4267,124,107,84
4268,123,107,82
4269,122,107,81
4270,121,107,76
4271,120,107,80
4272,119,107,77
4273,118,107,73
4274,117,107,38
4275,116,107,22
4276,115,107,24
4277,114,107,31
4278,113,107,31
4279,112,107,29
4280,111,107,31
4281,110,107,31
4282,109,107,31
4283,108,107,30
4284,107,107,30
4285,106,107,16
4286,105,107,30
4287,104,107,29
4288,103,107,30
4289,102,107,30
4290,101,107,27
4291,100,107,31
4292,99,107,33
4293,98,107,36
4294,97,107,41
4295,96,107,49
4296,95,107,67
4297,94,107,73
4298,93,107,74
4299,92,107,77
4300,91,107,73
4301,90,107,82
4302,89,107,80
4303,88,107,81
4304,87,107,80
4305,86,107,81
4306,85,107,80
4307,84,107,80
4308,83,107,79
4309,82,107,81
4310,81,107,81
4311,80,107,81
4312,79,107,82
4313,78,107,82
4314,77,107,81
4315,76,107,82
4316,75,107,80
4317,74,107,76
4318,73,107,80
4319,72,107,83
4320,71,107,81
4321,70,107,82
4322,69,107,81
4323,68,107,82
4324,67,107,81
4325,66,107,81
4326,65,107,78
4327,64,107,80
4328,63,107,78
4329,62,107,76
4330,61,107,75
4331,60,107,82
4332,59,107,82
4333,58,107,86
4334,57,107,86
4335,56,107,86
4336,55,108,86
4337,56,108,86
4338,57,108,86
4339,58,108,85
4340,59,108,86
4341,60,108,86
4342,61,108,85
4343,62,108,86
4344,63,108,86
4345,64,108,85
4346,65,108,82
4347,66,108,79
4348,67,108,79
4349,68,108,68
4350,69,108,77
4351,70,108,77
4352,71,108,79
4353,72,108,80
4354,73,108,82
4355,74,108,80
4356,75,108,80
4357,76,108,80
4358,77,108,80
4359,78,108,81
4360,79,108,82
4361,80,108,81
4362,81,108,83
4363,82,108,82
4364,83,108,78
4365,84,108,82
4366,85,108,81
4367,86,108,80
4368,87,108,81
4369,88,108,80
4370,89,108,80
4371,90,108,81
4372,91,108,84
4373,92,108,81
4374,93,108,81
4375,94,108,82
4376,95,108,80
4377,96,108,81
4378,97,108,81
4379,98,108,82
4380,99,108,86
4381,100,108,71
4382,101,108,68
4383,102,108,49
4384,103,108,33
4385,104,108,31
4386,105,108,30
4387,106,108,30
4388,107,108,30
4389,108,108,28
4390,109,108,30
4391,110,108,30
4392,111,108,30
4393,112,108,31
4394,113,108,30
4395,114,108,31
4396,115,108,16
4397,116,108,32
4398,117,108,32
4399,118,108,32
4400,119,108,30
4401,120,108,27
4402,121,108,23
4403,122,108,42
4404,123,108,56
4405,124,108,73
4406,125,108,76
4407,126,108,75
4408,127,108,80
4409,128,108,82
4410,129,108,81
4411,130,108,78
4412,131,108,82
4413,132,108,80
4414,133,108,83
4415,134,108,84
4416,135,108,84
4417,136,108,85
4418,137,108,85
4419,138,108,86
4420,139,108,86
4421,140,108,86
4422,141,108,86
4423,142,108,86
4424,143,108,86
4425,144,108,86
4426,145,109,82
4427,144,109,86
4428,143,109,84
4429,142,109,86
4430,141,109,86
4431,140,109,86
4432,139,109,86
4433,138,109,85
4434,137,109,86
4435,136,109,86
4436,135,109,86
4437,134,109,85
4438,133,109,86
4439,132,109,86
4440,131,109,86
4441,130,109,84
4442,129,109,84
4443,128,109,85
4444,127,109,83
4445,126,109,84
4446,125,109,82
4447,124,109,84
4448,123,109,81
4449,122,109,80
4450,121,109,79
4451,120,109,79
4452,119,109,79
4453,118,109,60
4454,117,109,33
4455,116,109,24
4456,115,109,9
4457,114,109,33
4458,113,109,32
4459,112,109,32
4460,111,109,31
4461,110,109,32
4462,109,109,32
4463,108,109,31
4464,107,109,29
4465,106,109,31
4466,105,109,31
4467,104,109,31
4468,103,109,29
4469,102,109,21
4470,101,109,31
4471,100,109,31
4472,99,109,35
4473,98,109,37
4474,97,109,40
4475,96,109,57
4476,95,109,69
4477,94,109,76
4478,93,109,85
4479,92,109,85
4480,91,109,82
4481,90,109,81
4482,89,109,81
4483,88,109,81
4484,87,109,81
4485,86,109,81
4486,85,109,77
4487,84,109,84
4488,83,109,81
4489,82,109,81
4490,81,109,81
4491,80,109,81
4492,79,109,80
4493,78,109,80
4494,77,109,80
4495,76,109,81
4496,75,109,81
4497,74,109,81
4498,73,109,83
4499,72,109,80
4500,71,109,82
4501,70,109,77
4502,69,109,81
4503,68,109,80
4504,67,109,82
4505,66,109,79
4506,65,109,80
4507,64,109,77
4508,63,109,78
4509,62,109,76
4510,61,109,78
4511,60,109,76
4512,59,109,83
4513,58,109,85
4514,57,109,83
4515,56,109,85
4516,55,110,81
4517,56,110,83
4518,57,110,84
4519,58,110,82
4520,59,110,81
4521,60,110,82
4522,61,110,80
4523,62,110,81
4524,63,110,83
4525,64,110,86
4526,65,110,84
4527,66,110,83
4528,67,110,79
4529,68,110,76
4530,69,110,77
4531,70,110,79
4532,71,110,78
4533,72,110,76
4534,73,110,82
4535,74,110,79
4536,75,110,82
4537,76,110,81
4538,77,110,81
4539,78,110,82
4540,79,110,80
4541,80,110,80
4542,81,110,80
4543,82,110,82
4544,83,110,82
4545,84,110,81
4546,85,110,81
4547,86,110,83
4548,87,110,82
4549,88,110,78
4550,89,110,77
4551,90,110,79
4552,91,110,80
4553,92,110,80
4554,93,110,80
4555,94,110,82
4556,95,110,85
4557,96,110,82
4558,97,110,84
4559,98,110,85
4560,99,110,84
4561,100,110,77
4562,101,110,67
4563,102,110,52
4564,103,110,36
4565,104,110,18
4566,105,110,29
4567,106,110,29
4568,107,110,31
4569,108,110,31
4570,109,110,31
4571,110,110,31
4572,111,110,31
4573,112,110,31
4574,113,110,32
4575,114,110,32
4576,115,110,32
4577,116,110,31
4578,117,110,32
4579,118,110,32
4580,119,110,19
4581,120,110,30
4582,121,110,23
4583,122,110,32
4584,123,110,48
4585,124,110,67
4586,125,110,78
4587,126,110,78
4588,127,110,77
4589,128,110,77
4590,129,110,79
4591,130,110,80
4592,131,110,82
4593,132,110,81
4594,133,110,83
4595,134,110,81
4596,135,110,86
4597,136,110,78
4598,137,110,86
4599,138,110,85
4600,139,110,86
4601,140,110,86
4602,141,110,86
4603,142,110,85
4604,143,110,86
4605,144,110,86
4606,145,111,86
4607,144,111,85
4608,143,111,84
4609,142,111,86
4610,141,111,86
4611,140,111,86
4612,139,111,84
4613,138,111,85
4614,137,111,85
4615,136,111,86
4616,135,111,86
4617,134,111,86
4618,133,111,85
4619,132,111,86
4620,131,111,86
4621,130,111,86
4622,129,111,85
4623,128,111,86
4624,127,111,82
4625,126,111,79
4626,125,111,82
4627,124,111,80
4628,123,111,82
4629,122,111,80
4630,121,111,78
4631,120,111,80
4632,119,111,81
4633,118,111,75
4634,117,111,60
4635,116,111,42
4636,115,111,24
4637,114,111,27
4638,113,111,32
4639,112,111,32
4640,111,111,18
4641,110,111,32
4642,109,111,32
4643,108,111,32
4644,107,111,32
4645,106,111,32
4646,105,111,32
4647,104,111,32
4648,103,111,31
4649,102,111,31
4650,101,111,31
4651,100,111,31
4652,99,111,30
4653,98,111,33
4654,97,111,37
4655,96,111,39
4656,95,111,66
4657,94,111,74
4658,93,111,83
4659,92,111,86
4660,91,111,85
4661,90,111,83
4662,89,111,82
4663,88,111,82
4664,87,111,81
4665,86,111,77
4666,85,111,81
4667,84,111,80
4668,83,111,78
4669,82,111,80
4670,81,111,78
4671,80,111,82
4672,79,111,78
4673,78,111,81
4674,77,111,80
4675,76,111,82
4676,75,111,78
4677,74,111,80
4678,73,111,80
4679,72,111,81
4680,71,111,81
4681,70,111,80
4682,69,111,80
4683,68,111,77
4684,67,111,79
4685,66,111,84
4686,65,111,78
4687,64,111,72
4688,63,111,79
4689,62,111,79
4690,61,111,77
4691,60,111,76
4692,59,111,82
4693,58,111,85
4694,57,111,85
4695,56,111,85
4696,55,112,82
4697,56,112,80
4698,57,112,85
4699,58,112,82
4700,59,112,82
4701,60,112,85
4702,61,112,79
4703,62,112,82
4704,63,112,80
4705,64,112,85
4706,65,112,82
4707,66,112,84
4708,67,112,75
4709,68,112,75
4710,69,112,73
4711,70,112,80
4712,71,112,79
4713,72,112,78
4714,73,112,81
4715,74,112,81
4716,75,112,80
4717,76,112,79
4718,77,112,80
4719,78,112,78
4720,79,112,82
4721,80,112,82
4722,81,112,81
4723,82,112,80
4724,83,112,80
4725,84,112,80
4726,85,112,78
4727,86,112,80
4728,87,112,80
4729,88,112,82
4730,89,112,81
4731,90,112,81
4732,91,112,81
4733,92,112,82
4734,93,112,77
4735,94,112,82
4736,95,112,78
4737,96,112,81
4738,97,112,85
4739,98,112,85
4740,99,112,86
4741,100,112,80
4742,101,112,70
4743,102,112,43
4744,103,112,37
4745,104,112,33
4746,105,112,32
4747,106,112,30
4748,107,112,32
4749,108,112,29
4750,109,112,32
4751,110,112,15
4752,111,112,32
4753,112,112,32
4754,113,112,32
4755,114,112,32
4756,115,112,33
4757,116,112,33
4758,117,112,31
4759,118,112,33
4760,119,112,32
4761,120,112,30
4762,121,112,25
4763,122,112,30
4764,123,112,45
4765,124,112,73
4766,125,112,73
4767,126,112,81
4768,127,112,80
4769,128,112,77
4770,129,112,82
4771,130,112,86
4772,131,112,86
4773,132,112,86
4774,133,112,86
4775,134,112,86
4776,135,112,85
4777,136,112,86
4778,137,112,86
4779,138,112,86
4780,139,112,85
4781,140,112,80
4782,141,112,82
4783,142,112,82
4784,143,112,82
4785,144,112,82
4786,145,113,82
4787,144,113,83
4788,143,113,84
4789,142,113,85
4790,141,113,85
4791,140,113,82
4792,139,113,82
4793,138,113,84
4794,137,113,85
4795,136,113,49
4796,135,113,81
4797,134,113,85
4798,133,113,86
4799,132,113,85
4800,131,113,82
4801,130,113,85
4802,129,113,85
4803,128,113,86
4804,127,113,86
4805,126,113,86
4806,125,113,85
4807,124,113,86
4808,123,113,86
4809,122,113,86
4810,121,113,85
4811,120,113,81
4812,119,113,80
4813,118,113,72
4814,117,113,60
4815,116,113,25
4816,115,113,26
4817,114,113,31
4818,113,113,33
4819,112,113,34
4820,111,113,34
4821,110,113,33
4822,109,113,32
4823,108,113,33
4824,107,113,25
4825,106,113,32
4826,105,113,18
4827,104,113,32
4828,103,113,32
4829,102,113,31
4830,101,113,32
4831,100,113,32
4832,99,113,32
4833,98,113,35
4834,97,113,43
4835,96,113,52
4836,95,113,64
4837,94,113,82
4838,93,113,85
4839,92,113,84
4840,91,113,83
4841,90,113,78
4842,89,113,81
4843,88,113,82
4844,87,113,81
4845,86,113,82
4846,85,113,82
4847,84,113,79
4848,83,113,81
4849,82,113,79
4850,81,113,80
4851,80,113,80
4852,79,113,80
4853,78,113,80
4854,77,113,82
4855,76,113,81
4856,75,113,77
4857,74,113,80
4858,73,113,81
4859,72,113,80
4860,71,113,80
4861,70,113,80
4862,69,113,79
4863,68,113,82
4864,67,113,81
4865,66,113,81
4866,65,113,78
4867,64,113,77
4868,63,113,75
4869,62,113,75
4870,61,113,73
4871,60,113,70
4872,59,113,82
4873,58,113,84
4874,57,113,86
4875,56,113,85
4876,55,114,82
4877,56,114,84
4878,57,114,82
4879,58,114,82
4880,59,114,81
4881,60,114,85
4882,61,114,82
4883,62,114,84
4884,63,114,85
4885,64,114,86
4886,65,114,85
4887,66,114,82
4888,67,114,71
4889,68,114,76
4890,69,114,75
4891,70,114,75
4892,71,114,78
4893,72,114,80
4894,73,114,80
4895,74,114,78
4896,75,114,79
4897,76,114,79
4898,77,114,79
4899,78,114,80
4900,79,114,78
4901,80,114,81
4902,81,114,79
4903,82,114,82
4904,83,114,80
4905,84,114,77
4906,85,114,82
4907,86,114,78
4908,87,114,81
4909,88,114,79
4910,89,114,78
4911,90,114,78
4912,91,114,81
4913,92,114,81
4914,93,114,83
4915,94,114,80
4916,95,114,80
4917,96,114,81
4918,97,114,81
4919,98,114,83
4920,99,114,80
4921,100,114,82
4922,101,114,64
4923,102,114,48
4924,103,114,40
4925,104,114,37
4926,105,114,33
4927,106,114,32
4928,107,114,32
4929,108,114,32
4930,109,114,32
4931,110,114,30
4932,111,114,33
4933,112,114,33
4934,113,114,33
4935,114,114,18
4936,115,114,33
4937,116,114,33
4938,117,114,34
4939,118,114,34
4940,119,114,34
4941,120,114,27
4942,121,114,22
4943,122,114,24
4944,123,114,57
4945,124,114,81
4946,125,114,86
4947,126,114,86
4948,127,114,86
4949,128,114,85
4950,129,114,86
4951,130,114,84
4952,131,114,83
4953,132,114,83
4954,133,114,81
4955,134,114,81
4956,135,114,81
4957,136,114,79
4958,137,114,81
4959,138,114,83
4960,139,114,81
4961,140,114,84
4962,141,114,82
4963,142,114,82
4964,143,114,80
4965,144,114,79
4966,145,115,80
4967,144,115,75
4968,143,115,79
4969,142,115,83
4970,141,115,82
4971,140,115,81
4972,139,115,82
4973,138,115,82
4974,137,115,80
4975,136,115,81
4976,135,115,82
4977,134,115,80
4978,133,115,80
4979,132,115,83
4980,131,115,86
4981,130,115,83
4982,129,115,81
4983,128,115,81
4984,127,115,82
4985,126,115,83
4986,125,115,81
4987,124,115,83
4988,123,115,80
4989,122,115,81
4990,121,115,84
4991,120,115,86
4992,119,115,86
4993,118,115,76
4994,117,115,51
4995,116,115,3
4996,115,115,28
4997,114,115,32
4998,113,115,34
4999,112,115,35
5000,111,115,34
5001,110,115,34
5002,109,115,33
5003,108,115,34
5004,107,115,33
5005,106,115,33
5006,105,115,32
5007,104,115,33
5008,103,115,33
5009,102,115,33
5010,101,115,18
5011,100,115,33
5012,99,115,34
5013,98,115,37
5014,97,115,48
5015,96,115,59
5016,95,115,70
5017,94,115,80
5018,93,115,82
5019,92,115,84
5020,91,115,81
5021,90,115,83
5022,89,115,83
5023,88,115,81
5024,87,115,80
5025,86,115,77
5026,85,115,80
5027,84,115,78
5028,83,115,80
5029,82,115,81
5030,81,115,81
5031,80,115,81
5032,79,115,78
5033,78,115,80
5034,77,115,78
5035,76,115,81
5036,75,115,79
5037,74,115,79
5038,73,115,80
5039,72,115,81
5040,71,115,82
5041,70,115,81
5042,69,115,78
5043,68,115,79
5044,67,115,80
5045,66,115,78
5046,65,115,81
5047,64,115,80
5048,63,115,82
5049,62,115,78
5050,61,115,77
5051,60,115,78
5052,59,115,78
5053,58,115,78
5054,57,115,82
5055,56,115,81
5056,55,116,82
5057,56,116,80
5058,57,116,83
5059,58,116,84
5060,59,116,83
5061,60,116,83
5062,61,116,84
5063,62,116,80
5064,63,116,78
5065,64,116,77
5066,65,116,77
5067,66,116,78
5068,67,116,77
5069,68,116,79
5070,69,116,81
5071,70,116,77
5072,71,116,81
5073,72,116,80
5074,73,116,76
5075,74,116,79
5076,75,116,83
5077,76,116,83
5078,77,116,78
5079,78,116,83
5080,79,116,81
5081,80,116,80
5082,81,116,81
5083,82,116,81
5084,83,116,79
5085,84,116,82
5086,85,116,80
5087,86,116,82
5088,87,116,81
5089,88,116,76
5090,89,116,80
5091,90,116,77
5092,91,116,80
5093,92,116,79
5094,93,116,79
5095,94,116,81
5096,95,116,81
5097,96,116,81
5098,97,116,82
5099,98,116,83
5100,99,116,83
5101,100,116,80
5102,101,116,78
5103,102,116,69
5104,103,116,55
5105,104,116,41
5106,105,116,25
5107,106,116,36
5108,107,116,34
5109,108,116,35
5110,109,116,35
5111,110,116,35
5112,111,116,33
5113,112,116,35
5114,113,116,35
5115,114,116,34
5116,115,116,33
5117,116,116,35
5118,117,116,35
5119,118,116,33
5120,119,116,35
5121,120,116,16
5122,121,116,27
5123,122,116,25
5124,123,116,56
5125,124,116,70
5126,125,116,79
5127,126,116,80
5128,127,116,81
5129,128,116,79
5130,129,116,80
5131,130,116,81
5132,131,116,78
5133,132,116,79
5134,133,116,79
5135,134,116,80
5136,135,116,77
5137,136,116,80
5138,137,116,78
5139,138,116,81
5140,139,116,80
5141,140,116,80
5142,141,116,80
5143,142,116,81
5144,143,116,80
5145,144,116,82
5146,145,117,80
5147,144,117,80
5148,143,117,79
5149,142,117,80
5150,141,117,81
5151,140,117,75
5152,139,117,81
5153,138,117,78
5154,137,117,81
5155,136,117,81
5156,135,117,82
5157,134,117,81
5158,133,117,82
5159,132,117,81
5160,131,117,81
5161,130,117,80
5162,129,117,80
5163,128,117,80
5164,127,117,82
5165,126,117,82
5166,125,117,80
5167,124,117,84
5168,123,117,80
5169,122,117,82
5170,121,117,79
5171,120,117,82
5172,119,117,79
5173,118,117,80
5174,117,117,73
5175,116,117,62
5176,115,117,42
5177,114,117,36
5178,113,117,38
5179,112,117,31
5180,111,117,38
5181,110,117,25
5182,109,117,38
5183,108,117,40
5184,107,117,40
5185,106,117,40
5186,105,117,42
5187,104,117,45
5188,103,117,50
5189,102,117,54
5190,101,117,54
5191,100,117,57
5192,99,117,67
5193,98,117,73
5194,97,117,75
5195,96,117,80
5196,95,117,77
5197,94,117,80
5198,93,117,80
5199,92,117,78
5200,91,117,80
5201,90,117,79
5202,89,117,80
5203,88,117,81
5204,87,117,79
5205,86,117,81
5206,85,117,80
5207,84,117,80
5208,83,117,79
5209,82,117,81
5210,81,117,80
5211,80,117,76
5212,79,117,81
5213,78,117,81
5214,77,117,83
5215,76,117,79
5216,75,117,80
5217,74,117,80
5218,73,117,81
5219,72,117,81
5220,71,117,75
5221,70,117,82
5222,69,117,83
5223,68,117,82
5224,67,117,81
5225,66,117,82
5226,65,117,77
5227,64,117,81
5228,63,117,78
5229,62,117,78
5230,61,117,80
5231,60,117,79
5232,59,117,77
5233,58,117,76
5234,57,117,78
5235,56,117,77
5236,55,118,78
5237,56,118,81
5238,57,118,81
5239,58,118,80
5240,59,118,80
5241,60,118,77
5242,61,118,77
5243,62,118,73
5244,63,118,79
5245,64,118,77
5246,65,118,81
5247,66,118,80
5248,67,118,80
5249,68,118,78
5250,69,118,80
5251,70,118,80
5252,71,118,81
5253,72,118,82
5254,73,118,81
5255,74,118,82
5256,75,118,81
5257,76,118,82
5258,77,118,80
5259,78,118,81
5260,79,118,80
5261,80,118,82
5262,81,118,81
5263,82,118,78
5264,83,118,80
5265,84,118,81
5266,85,118,80
5267,86,118,80
5268,87,118,81
5269,88,118,82
5270,89,118,80
5271,90,118,83
5272,91,118,81
5273,92,118,82
5274,93,118,80
5275,94,118,76
5276,95,118,80
5277,96,118,79
5278,97,118,77
5279,98,118,80
5280,99,118,80
5281,100,118,80
5282,101,118,81
5283,102,118,81
5284,103,118,78
5285,104,118,76
5286,105,118,74
5287,106,118,71
5288,107,118,74
5289,108,118,71
5290,109,118,63
5291,110,118,66
5292,111,118,64
5293,112,118,66
5294,113,118,63
5295,114,118,65
5296,115,118,65
5297,116,118,57
5298,117,118,59
5299,118,118,59
5300,119,118,55
5301,120,118,58
5302,121,118,64
5303,122,118,70
5304,123,118,77
5305,124,118,72
5306,125,118,81
5307,126,118,77
5308,127,118,79
5309,128,118,81
5310,129,118,81
5311,130,118,80
5312,131,118,80
5313,132,118,79
5314,133,118,78
5315,134,118,79
5316,135,118,81
5317,136,118,78
5318,137,118,78
5319,138,118,79
5320,139,118,75
5321,140,118,81
5322,141,118,75
5323,142,118,80
5324,143,118,77
5325,144,118,78
5326,145,119,80
5327,144,119,79
5328,143,119,81
5329,142,119,82
5330,141,119,80
5331,140,119,82
5332,139,119,81
5333,138,119,81
5334,137,119,80
5335,136,119,80
5336,135,119,81
5337,134,119,78
5338,133,119,81
5339,132,119,82
5340,131,119,81
5341,130,119,81
5342,129,119,81
5343,128,119,78
5344,127,119,81
5345,126,119,80
5346,125,119,76
5347,124,119,76
5348,123,119,80
5349,122,119,80
5350,121,119,83
5351,120,119,85
5352,119,119,82
5353,118,119,85
5354,117,119,85
5355,116,119,76
5356,115,119,75
5357,114,119,73
5358,113,119,75
5359,112,119,75
5360,111,119,74
5361,110,119,76
5362,109,119,75
5363,108,119,76
5364,107,119,77
5365,106,119,69
5366,105,119,77
5367,104,119,78
5368,103,119,80
5369,102,119,82
5370,101,119,80
5371,100,119,80
5372,99,119,80
5373,98,119,79
5374,97,119,82
5375,96,119,81
5376,95,119,80
5377,94,119,80
5378,93,119,84
5379,92,119,81
5380,91,119,78
5381,90,119,79
5382,89,119,79
5383,88,119,81
5384,87,119,79
5385,86,119,81
5386,85,119,81
5387,84,119,79
5388,83,119,79
5389,82,119,81
5390,81,119,82
5391,80,119,81
5392,79,119,81
5393,78,119,81
5394,77,119,79
5395,76,119,72
5396,75,119,79
5397,74,119,73
5398,73,119,81
5399,72,119,81
